0.jpg	39	34	85	80	119	170
1230.jpg	174	92	265	183	350	483
629.jpg	100	144	259	303	350	527
554.jpg	79	97	302	320	350	444
4.jpg	83	45	123	85	170	257
874.jpg	115	61	326	272	350	350
26.jpg	28	77	183	232	239	350
7.jpg	139	118	221	200	350	440
2528.jpg	133	74	224	165	350	475
9.jpg	46	120	200	274	320	450
10.jpg	24	66	93	135	120	170
412.jpg	85	75	175	165	350	325
2192.jpg	100	112	214	226	350	483
13.jpg	143	50	213	120	350	486
14.jpg	99	70	162	133	248	370
15.jpg	132	65	206	139	350	525
1744.jpg	58	132	180	254	350	459
17.jpg	43	78	86	121	129	214
18.jpg	147	118	255	226	350	432
1400.jpg	85	110	262	287	350	478
1700.jpg	107	94	234	221	350	431
355.jpg	28	49	121	142	217	249
356.jpg	96	126	226	256	350	437
24.jpg	42	23	72	53	100	150
25.jpg	58	34	109	85	194	340
27.jpg	139	25	174	60	350	262
28.jpg	124	96	233	205	350	478
484.jpg	139	32	219	112	350	262
700.jpg	149	36	228	115	350	381
31.jpg	133	46	272	185	350	262
740.jpg	16	54	75	113	216	304
1222.jpg	154	47	219	112	350	458
34.jpg	158	53	220	115	350	501
1878.jpg	98	72	197	171	350	514
808.jpg	117	115	234	232	350	466
1107.jpg	74	96	173	195	350	504
1386.jpg	148	89	233	174	350	420
39.jpg	103	120	174	191	350	262
1105.jpg	121	61	170	110	350	362
1347.jpg	126	63	223	160	350	425
2203.jpg	128	98	245	215	350	560
2676.jpg	116	121	242	247	346	520
44.jpg	71	84	124	137	350	479
45.jpg	101	19	140	58	250	250
46.jpg	24	36	169	181	250	251
47.jpg	62	27	90	55	160	139
48.jpg	36	21	65	50	200	162
1272.jpg	84	98	199	213	350	498
50.jpg	50	58	106	114	170	257
2723.jpg	112	134	234	256	346	418
53.jpg	272	61	325	114	350	437
54.jpg	178	77	225	124	350	430
2770.jpg	132	72	225	165	350	473
969.jpg	109	105	243	239	350	261
61.jpg	52	0	156	104	180	180
1995.jpg	99	113	206	220	350	494
1243.jpg	97	85	212	200	350	372
2667.jpg	119	66	174	121	350	388
2357.jpg	162	68	229	135	350	505
1561.jpg	102	112	194	204	350	423
68.jpg	51	23	87	59	135	100
851.jpg	147	52	215	120	350	478
2419.jpg	94	64	187	157	320	400
71.jpg	82	45	155	118	333	420
72.jpg	52	84	122	154	170	194
418.jpg	99	84	219	204	350	509
2576.jpg	108	113	218	223	350	524
257.jpg	235	97	282	144	350	244
76.jpg	184	92	241	149	350	440
77.jpg	102	9	199	106	320	240
78.jpg	76	24	118	66	300	300
80.jpg	31	21	63	53	200	177
81.jpg	48	34	92	78	120	114
1571.jpg	122	164	253	295	350	490
85.jpg	78	49	114	85	206	338
86.jpg	155	39	220	104	350	437
87.jpg	160	65	249	154	350	339
89.jpg	225	59	269	103	350	334
695.jpg	165	35	234	104	350	262
1846.jpg	139	46	214	121	350	462
1997.jpg	87	87	193	193	350	512
93.jpg	64	39	96	71	150	150
2652.jpg	81	74	166	159	350	262
96.jpg	164	101	298	235	350	417
97.jpg	38	122	255	339	350	467
98.jpg	61	11	89	39	130	200
99.jpg	67	44	112	89	202	251
1939.jpg	222	46	337	161	350	351
105.jpg	53	33	83	63	127	214
106.jpg	57	7	85	35	150	112
108.jpg	32	39	76	83	119	170
456.jpg	86	64	150	128	350	442
110.jpg	112	104	205	197	300	415
111.jpg	212	97	256	141	350	527
1960.jpg	194	65	256	127	350	502
1060.jpg	136	133	242	239	345	500
116.jpg	139	67	204	132	350	262
1988.jpg	119	72	226	179	350	416
1952.jpg	131	68	202	139	350	549
121.jpg	0	19	259	278	350	350
122.jpg	46	34	73	61	116	160
123.jpg	82	14	112	44	190	143
536.jpg	65	32	118	85	180	180
1617.jpg	11	17	209	215	350	262
262.jpg	164	87	276	199	350	455
131.jpg	151	130	268	247	350	535
1204.jpg	87	72	192	177	350	443
137.jpg	97	74	156	133	267	400
139.jpg	74	63	138	127	300	400
2786.jpg	104	129	194	219	350	350
142.jpg	85	77	166	158	251	400
1196.jpg	86	142	231	287	350	546
1678.jpg	129	34	247	152	350	303
2592.jpg	153	76	237	160	350	350
147.jpg	60	27	136	103	172	129
148.jpg	20	66	171	217	192	256
1290.jpg	124	87	208	171	350	524
152.jpg	68	134	205	271	350	407
155.jpg	8	30	69	91	100	100
410.jpg	195	74	251	130	350	262
157.jpg	51	145	155	249	270	400
159.jpg	40	10	66	36	110	110
2196.jpg	107	110	279	282	331	398
161.jpg	39	35	110	106	160	140
163.jpg	188	72	256	140	350	492
166.jpg	49	33	84	68	148	200
1228.jpg	118	99	211	192	350	475
1822.jpg	145	174	275	304	350	442
171.jpg	138	107	179	148	350	435
172.jpg	148	120	261	233	350	457
1879.jpg	152	57	230	135	350	495
174.jpg	12	58	96	142	170	176
175.jpg	95	91	211	207	350	262
176.jpg	96	90	151	145	269	400
227.jpg	54	87	257	290	319	372
178.jpg	119	54	258	193	350	262
1551.jpg	224	78	311	165	350	490
180.jpg	172	118	246	192	350	350
181.jpg	62	50	130	118	302	289
185.jpg	113	89	185	161	350	527
186.jpg	30	30	63	63	109	164
187.jpg	0	38	243	281	350	350
1942.jpg	120	88	192	160	350	539
190.jpg	122	92	219	189	350	350
1177.jpg	105	93	243	231	350	473
192.jpg	106	34	137	65	267	218
193.jpg	39	29	71	61	100	100
195.jpg	144	86	191	133	350	433
197.jpg	37	20	61	44	104	170
198.jpg	27	23	97	93	126	140
199.jpg	26	37	55	66	100	100
279.jpg	101	45	200	144	350	525
202.jpg	101	107	201	207	250	300
203.jpg	153	76	207	130	350	446
229.jpg	36	63	183	210	226	246
206.jpg	71	27	128	84	210	200
208.jpg	132	67	191	126	350	525
211.jpg	30	35	65	70	135	180
212.jpg	190	107	250	167	350	525
213.jpg	69	78	131	140	195	284
214.jpg	64	64	118	118	200	240
799.jpg	120	71	180	131	350	419
216.jpg	112	96	194	178	350	545
1623.jpg	84	59	203	178	350	262
859.jpg	123	97	190	164	350	263
220.jpg	25	18	61	54	150	113
222.jpg	130	91	238	199	350	483
223.jpg	93	60	146	113	350	467
224.jpg	46	86	85	125	273	205
225.jpg	36	14	65	43	100	140
226.jpg	88	72	114	98	150	245
228.jpg	24	40	67	83	110	150
230.jpg	40	201	187	348	340	462
2247.jpg	99	118	271	290	350	535
1284.jpg	141	75	228	162	350	503
237.jpg	120	96	222	198	350	526
238.jpg	132	115	241	224	350	419
240.jpg	145	79	198	132	350	780
241.jpg	99	29	127	57	170	128
244.jpg	129	66	185	122	350	246
501.jpg	23	24	124	125	190	190
246.jpg	68	22	100	54	170	170
249.jpg	100	102	171	173	339	533
250.jpg	46	67	143	164	300	434
252.jpg	22	55	82	115	158	214
256.jpg	78	22	106	50	200	200
2473.jpg	143	59	220	136	350	399
1841.jpg	163	81	237	155	350	262
261.jpg	66	54	130	118	240	360
263.jpg	87	49	159	121	200	240
401.jpg	212	46	279	113	350	348
1119.jpg	92	170	272	350	350	512
1069.jpg	106	81	184	159	333	425
1151.jpg	164	31	225	92	350	396
270.jpg	52	12	86	46	180	250
2160.jpg	46	85	156	195	201	300
273.jpg	34	32	63	61	100	100
1003.jpg	41	46	107	112	167	250
276.jpg	131	109	215	193	326	449
277.jpg	134	115	222	203	350	525
280.jpg	96	95	213	212	350	524
281.jpg	124	32	216	124	350	262
282.jpg	151	82	226	157	333	500
780.jpg	167	55	258	146	350	382
284.jpg	171	96	250	175	350	524
285.jpg	162	201	305	344	350	519
1542.jpg	112	47	186	121	350	262
288.jpg	139	50	195	106	350	250
2055.jpg	141	88	235	182	350	438
294.jpg	129	115	226	212	350	529
295.jpg	64	44	103	83	165	225
297.jpg	110	60	188	138	255	384
1854.jpg	47	50	105	108	196	279
300.jpg	127	80	193	146	350	525
589.jpg	157	54	207	104	350	262
302.jpg	94	47	135	88	241	368
303.jpg	124	126	226	228	350	459
730.jpg	34	27	93	86	150	150
305.jpg	141	74	193	126	350	815
931.jpg	122	34	157	69	200	150
308.jpg	50	47	146	143	200	198
1214.jpg	136	24	276	164	350	288
1969.jpg	178	68	264	154	350	262
2538.jpg	119	61	198	140	350	476
312.jpg	136	110	227	201	350	481
1006.jpg	135	54	218	137	350	280
316.jpg	34	35	62	63	100	150
1595.jpg	168	99	247	178	350	525
318.jpg	133	66	196	129	350	530
766.jpg	107	99	225	217	350	478
322.jpg	139	112	196	169	350	428
324.jpg	160	104	258	202	350	555
325.jpg	88	54	155	121	220	287
326.jpg	50	52	96	98	142	214
327.jpg	39	45	76	82	113	170
329.jpg	34	43	313	322	350	416
2570.jpg	161	120	320	279	350	469
331.jpg	57	29	87	59	159	120
332.jpg	107	87	233	213	350	575
333.jpg	168	41	217	90	350	395
334.jpg	168	108	198	138	350	536
337.jpg	105	18	181	94	350	559
1735.jpg	107	185	243	321	350	350
397.jpg	148	35	210	97	350	523
343.jpg	141	52	199	110	350	467
345.jpg	118	93	221	196	294	300
349.jpg	177	59	230	112	350	319
350.jpg	145	49	211	115	350	262
351.jpg	82	60	150	128	204	240
353.jpg	115	112	211	208	320	480
2637.jpg	170	55	288	173	350	262
1036.jpg	38	80	125	167	320	210
362.jpg	151	71	212	132	350	525
364.jpg	76	35	111	70	160	120
366.jpg	25	20	53	48	108	140
367.jpg	111	103	205	197	350	395
385.jpg	111	74	213	176	350	517
944.jpg	55	76	136	157	200	200
370.jpg	129	138	181	190	350	417
374.jpg	114	76	175	137	350	355
375.jpg	40	18	67	45	105	145
2421.jpg	116	45	208	137	350	448
380.jpg	53	115	249	311	300	380
972.jpg	80	38	148	106	350	291
388.jpg	107	86	209	188	350	549
387.jpg	71	44	131	104	192	260
2516.jpg	114	80	192	158	350	528
395.jpg	153	73	205	125	350	505
2787.jpg	50	136	305	391	350	448
399.jpg	25	17	52	44	104	200
402.jpg	34	55	82	103	150	150
2650.jpg	108	99	203	194	350	521
407.jpg	108	101	164	157	310	400
408.jpg	39	44	79	84	128	190
409.jpg	167	55	236	124	350	450
411.jpg	36	65	149	178	168	220
1816.jpg	117	97	201	181	350	262
414.jpg	121	13	179	71	350	169
415.jpg	81	48	116	83	180	240
2733.jpg	145	54	209	118	350	520
419.jpg	92	28	169	105	350	320
2176.jpg	97	60	151	114	350	307
421.jpg	30	15	60	45	109	164
423.jpg	85	127	214	256	337	425
424.jpg	175	73	266	164	350	456
425.jpg	251	67	295	111	350	262
429.jpg	82	64	131	113	250	300
432.jpg	128	28	161	61	200	200
433.jpg	17	33	48	64	109	164
436.jpg	123	15	256	148	281	211
439.jpg	144	68	213	137	320	430
440.jpg	117	114	207	204	350	523
441.jpg	100	35	185	120	350	521
444.jpg	43	66	126	149	250	187
445.jpg	57	29	99	71	130	130
446.jpg	130	60	194	124	350	462
448.jpg	77	76	124	123	225	338
449.jpg	61	109	169	217	267	400
2136.jpg	130	62	198	130	338	480
453.jpg	108	52	175	119	275	358
454.jpg	30	39	77	86	150	200
2501.jpg	146	106	221	181	350	265
2440.jpg	134	138	263	267	350	554
461.jpg	86	56	135	105	218	153
1201.jpg	121	58	181	118	350	425
467.jpg	90	25	119	54	150	112
469.jpg	39	29	79	69	118	153
476.jpg	104	120	170	186	250	350
478.jpg	29	49	69	89	100	100
480.jpg	67	67	123	123	350	392
481.jpg	120	67	181	128	350	408
485.jpg	44	63	102	121	350	300
1803.jpg	228	66	301	139	350	262
487.jpg	23	59	117	153	158	241
488.jpg	63	72	128	137	170	229
1053.jpg	111	48	154	91	320	240
494.jpg	93	35	141	83	348	265
497.jpg	112	51	187	126	300	232
1938.jpg	123	60	187	124	350	557
503.jpg	60	69	139	148	350	506
2039.jpg	42	39	79	76	123	170
505.jpg	188	110	332	254	350	468
506.jpg	134	131	253	250	350	338
508.jpg	63	52	124	113	213	159
2284.jpg	123	55	230	162	350	428
510.jpg	104	69	196	161	350	513
511.jpg	62	45	98	81	141	170
513.jpg	66	30	94	58	140	187
2396.jpg	173	51	221	99	350	264
515.jpg	131	67	207	143	350	471
518.jpg	103	101	190	188	350	280
1792.jpg	74	86	215	227	284	400
523.jpg	111	119	238	246	333	500
524.jpg	50	68	201	219	315	236
1148.jpg	145	77	208	140	350	539
1317.jpg	120	40	202	122	350	494
527.jpg	101	60	159	118	234	280
528.jpg	74	28	103	57	167	200
1908.jpg	120	92	206	178	297	400
2435.jpg	98	49	179	130	326	244
1278.jpg	94	139	245	290	350	439
537.jpg	128	115	267	254	350	526
538.jpg	33	19	74	60	100	100
540.jpg	46	38	87	79	126	180
1797.jpg	100	77	164	141	350	427
542.jpg	36	63	152	179	200	243
547.jpg	151	35	179	63	190	141
549.jpg	75	15	105	45	128	127
550.jpg	105	136	199	230	301	450
553.jpg	71	19	99	47	170	128
556.jpg	157	77	216	136	350	532
559.jpg	40	15	81	56	100	100
560.jpg	81	82	130	131	350	550
562.jpg	126	109	216	199	326	450
563.jpg	124	92	199	167	320	240
564.jpg	39	41	77	79	125	125
565.jpg	211	83	279	151	350	263
2328.jpg	49	91	204	246	350	466
567.jpg	69	48	125	104	170	239
2359.jpg	14	34	68	88	350	279
569.jpg	17	22	48	53	150	107
1645.jpg	144	72	202	130	350	460
1891.jpg	10	101	263	354	350	625
1513.jpg	157	128	264	235	350	441
578.jpg	101	14	244	157	350	262
580.jpg	137	46	299	208	350	280
584.jpg	34	24	82	72	120	130
585.jpg	38	18	68	48	110	154
586.jpg	142	47	200	105	281	400
587.jpg	39	49	68	78	109	140
588.jpg	78	52	136	110	250	400
590.jpg	27	28	61	62	100	150
704.jpg	145	110	252	217	350	469
592.jpg	169	19	197	47	350	262
594.jpg	53	119	160	226	219	350
1059.jpg	156	123	226	193	350	463
599.jpg	122	97	195	170	350	525
604.jpg	26	5	63	42	100	100
897.jpg	59	95	254	290	350	349
610.jpg	286	68	337	119	350	356
612.jpg	40	110	129	199	198	258
615.jpg	81	108	163	190	300	300
616.jpg	38	27	71	60	103	130
617.jpg	144	62	195	113	350	262
619.jpg	148	103	282	237	350	420
620.jpg	145	38	224	117	350	400
623.jpg	60	27	91	58	133	160
624.jpg	82	22	135	75	300	400
1453.jpg	95	85	152	142	350	363
627.jpg	54	35	81	62	152	192
630.jpg	36	56	78	98	133	200
669.jpg	92	70	164	142	350	268
634.jpg	116	107	184	175	350	562
635.jpg	140	98	257	215	350	554
1405.jpg	78	93	177	192	350	519
641.jpg	28	50	58	80	100	150
642.jpg	125	141	224	240	350	525
643.jpg	52	43	91	82	350	262
1651.jpg	86	65	152	131	275	400
648.jpg	140	85	222	167	350	448
649.jpg	67	44	118	95	196	279
651.jpg	158	18	259	119	350	226
1893.jpg	76	73	144	141	250	377
654.jpg	218	47	262	91	350	305
656.jpg	129	87	244	202	350	475
662.jpg	133	86	178	131	350	468
665.jpg	67	43	108	84	143	124
954.jpg	209	99	264	154	350	283
668.jpg	70	117	187	234	283	400
1470.jpg	121	68	208	155	350	262
1058.jpg	45	5	285	245	334	335
673.jpg	147	67	192	112	350	251
674.jpg	116	28	145	57	170	128
677.jpg	55	75	153	173	280	340
678.jpg	108	20	152	64	200	200
680.jpg	147	45	180	78	300	408
681.jpg	133	68	220	155	350	522
981.jpg	148	83	210	145	350	443
1024.jpg	85	59	203	177	350	567
1420.jpg	112	112	190	190	350	574
690.jpg	103	92	148	137	241	350
2697.jpg	100	33	183	116	350	262
692.jpg	29	53	72	96	140	175
693.jpg	132	33	265	166	338	225
2689.jpg	82	133	174	225	350	456
1873.jpg	118	85	186	153	350	486
2324.jpg	115	159	233	277	350	574
707.jpg	129	42	163	76	180	200
708.jpg	65	37	111	83	130	200
709.jpg	113	100	187	174	350	379
713.jpg	51	20	81	50	150	110
714.jpg	123	80	212	169	350	567
715.jpg	148	90	240	182	350	361
717.jpg	148	114	251	217	350	524
2025.jpg	109	108	235	234	350	492
823.jpg	137	84	212	159	350	534
721.jpg	65	21	102	58	350	271
722.jpg	61	17	89	45	200	200
725.jpg	29	26	55	52	107	160
726.jpg	102	59	162	119	259	344
728.jpg	72	105	180	213	278	376
732.jpg	7	19	102	114	150	150
733.jpg	24	30	61	67	100	100
735.jpg	39	32	77	70	103	137
736.jpg	36	29	78	71	125	100
737.jpg	43	178	236	371	350	429
739.jpg	41	51	69	79	120	176
744.jpg	104	51	178	125	300	180
745.jpg	82	134	268	320	350	495
748.jpg	71	88	123	140	200	260
749.jpg	155	47	190	82	320	240
750.jpg	104	119	187	202	350	420
751.jpg	142	48	236	142	350	453
1182.jpg	127	109	246	228	350	560
754.jpg	55	58	115	118	196	255
755.jpg	32	71	67	106	139	200
756.jpg	184	55	237	108	335	450
2279.jpg	88	103	175	190	350	482
2479.jpg	117	96	189	168	350	544
762.jpg	133	55	179	101	336	480
763.jpg	38	58	122	142	175	175
2395.jpg	44	120	291	367	350	453
765.jpg	77	41	133	97	240	180
769.jpg	131	79	224	172	350	262
770.jpg	71	33	122	84	128	128
2474.jpg	144	63	239	158	350	353
774.jpg	58	45	136	123	199	300
776.jpg	65	31	122	88	164	123
2163.jpg	105	50	203	148	350	466
781.jpg	88	18	115	45	140	160
782.jpg	50	47	120	117	200	200
784.jpg	92	98	186	192	300	411
787.jpg	236	32	270	66	350	280
1814.jpg	123	58	192	127	300	442
792.jpg	126	50	161	85	205	247
794.jpg	123	41	247	165	269	273
798.jpg	145	73	252	180	350	397
1247.jpg	67	123	191	247	350	496
804.jpg	61	45	110	94	157	122
878.jpg	219	69	336	186	350	262
807.jpg	51	20	106	75	140	105
1602.jpg	74	94	186	206	350	475
810.jpg	47	46	94	93	172	250
2066.jpg	99	75	243	219	350	280
820.jpg	58	27	90	59	150	113
821.jpg	158	46	202	90	350	437
822.jpg	130	51	216	137	350	493
824.jpg	121	58	227	164	350	262
825.jpg	115	77	179	141	350	522
1048.jpg	96	59	177	140	252	345
829.jpg	229	51	284	106	350	262
1282.jpg	149	38	209	98	343	400
838.jpg	103	73	162	132	350	395
839.jpg	62	34	106	78	125	150
841.jpg	93	87	186	180	350	524
842.jpg	190	29	220	59	250	190
843.jpg	58	116	139	197	350	410
849.jpg	144	35	180	71	240	320
1300.jpg	107	121	235	249	350	443
855.jpg	126	80	204	158	350	447
2727.jpg	90	121	192	223	350	511
1277.jpg	129	97	242	210	350	488
1840.jpg	137	86	228	177	350	537
1328.jpg	170	83	257	170	350	415
866.jpg	104	37	155	88	350	280
867.jpg	35	21	66	52	100	100
2237.jpg	43	38	76	71	139	180
2010.jpg	25	15	226	216	350	262
1629.jpg	131	39	217	125	350	431
871.jpg	88	105	182	199	350	416
875.jpg	85	130	265	310	350	463
876.jpg	34	18	62	46	100	100
877.jpg	60	80	163	183	256	400
880.jpg	253	54	307	108	350	262
882.jpg	202	131	233	162	250	190
883.jpg	148	47	216	115	350	532
2569.jpg	35	39	94	98	130	130
886.jpg	85	76	192	183	350	524
887.jpg	181	48	219	86	269	225
890.jpg	90	71	142	123	227	353
891.jpg	52	33	87	68	138	170
892.jpg	107	84	155	132	350	427
894.jpg	123	58	180	115	350	589
896.jpg	148	67	222	141	350	525
898.jpg	64	29	94	59	150	112
899.jpg	40	81	101	142	200	200
900.jpg	34	31	70	67	102	128
904.jpg	119	28	293	202	300	300
905.jpg	113	66	223	176	350	436
906.jpg	69	80	145	156	225	338
908.jpg	107	34	181	108	260	277
2798.jpg	124	135	238	249	350	498
911.jpg	80	12	116	48	200	200
912.jpg	36	24	64	52	100	133
2002.jpg	111	82	189	160	350	520
2347.jpg	148	94	209	155	350	262
916.jpg	287	98	328	139	350	458
917.jpg	129	80	211	162	350	674
919.jpg	56	56	91	91	198	136
922.jpg	138	51	183	96	350	589
923.jpg	269	25	302	58	350	513
925.jpg	30	46	105	121	200	200
926.jpg	154	75	244	165	350	454
927.jpg	38	54	105	121	157	189
928.jpg	202	124	236	158	350	264
929.jpg	70	72	114	116	164	245
930.jpg	112	135	223	246	350	384
936.jpg	80	91	157	168	250	187
940.jpg	71	76	165	170	350	486
941.jpg	152	57	212	117	299	351
943.jpg	99	56	216	173	330	241
946.jpg	86	24	119	57	140	105
948.jpg	130	52	189	111	350	262
950.jpg	66	64	166	164	239	320
953.jpg	72	39	97	64	170	128
955.jpg	33	35	67	69	110	150
957.jpg	157	86	194	123	350	516
990.jpg	145	102	274	231	350	435
960.jpg	84	76	168	160	200	300
966.jpg	104	68	159	123	250	348
971.jpg	195	10	256	71	350	262
973.jpg	122	113	218	209	350	544
974.jpg	76	41	124	89	220	280
2234.jpg	141	62	214	135	350	458
977.jpg	116	128	236	248	350	361
979.jpg	113	61	165	113	350	264
2209.jpg	142	98	237	193	350	467
982.jpg	198	51	261	114	350	205
1601.jpg	127	70	191	134	350	525
985.jpg	66	82	141	157	252	365
986.jpg	84	15	113	44	200	260
988.jpg	94	99	237	242	350	350
991.jpg	101	92	192	183	240	312
2566.jpg	76	78	152	154	323	450
998.jpg	57	44	92	79	150	224
1001.jpg	90	91	188	189	281	420
1002.jpg	232	204	275	247	350	525
1004.jpg	78	82	213	217	350	492
1008.jpg	198	151	296	249	350	527
1009.jpg	189	5	272	88	350	262
1012.jpg	46	34	79	67	123	170
1877.jpg	107	63	185	141	350	588
1016.jpg	271	66	332	127	350	285
1019.jpg	152	97	201	146	315	450
1020.jpg	96	39	147	90	283	284
1022.jpg	68	36	142	110	267	218
1026.jpg	119	43	180	104	350	262
1027.jpg	57	46	110	99	200	298
1028.jpg	41	23	71	53	102	111
1587.jpg	129	84	230	185	298	400
1032.jpg	109	45	150	86	212	300
1040.jpg	71	20	101	50	170	128
1044.jpg	77	51	114	88	165	200
1045.jpg	121	69	239	187	350	465
1052.jpg	29	4	167	142	200	200
1054.jpg	50	38	79	67	116	150
1607.jpg	124	110	247	233	350	482
1056.jpg	70	78	155	163	250	250
1061.jpg	52	209	275	432	350	492
1062.jpg	120	98	221	199	295	325
1063.jpg	97	67	179	149	350	243
1065.jpg	50	36	106	92	170	127
1066.jpg	38	28	78	68	111	150
1067.jpg	49	16	92	59	160	120
1068.jpg	118	46	189	117	331	398
1288.jpg	153	58	214	119	320	480
1073.jpg	114	74	243	203	350	432
1075.jpg	79	71	172	164	350	509
1076.jpg	137	52	169	84	350	448
1078.jpg	35	20	65	50	100	114
1079.jpg	74	55	203	184	350	478
1080.jpg	76	35	127	86	350	241
1081.jpg	144	60	186	102	350	262
1082.jpg	116	29	158	71	350	280
1083.jpg	134	83	221	170	300	300
1084.jpg	44	64	176	196	350	311
2504.jpg	153	113	270	230	350	489
1093.jpg	5	24	133	152	140	200
1094.jpg	74	84	203	213	350	388
1097.jpg	109	89	173	153	350	525
1100.jpg	24	22	55	53	100	100
1102.jpg	124	73	177	126	315	450
1106.jpg	55	30	84	59	133	214
1110.jpg	43	142	168	267	298	367
1115.jpg	54	26	93	65	183	290
1407.jpg	282	42	337	97	350	222
1118.jpg	137	62	195	120	317	228
1122.jpg	83	42	139	98	220	220
1125.jpg	51	19	80	48	125	100
1820.jpg	116	68	178	130	350	525
1128.jpg	69	55	123	109	200	240
1129.jpg	102	81	147	126	267	440
1131.jpg	146	78	232	164	350	483
1946.jpg	139	65	220	146	350	350
1135.jpg	143	38	214	109	350	475
1136.jpg	162	81	249	168	350	441
1506.jpg	96	125	233	262	350	421
1140.jpg	25	34	75	84	100	100
1141.jpg	84	20	124	60	350	262
1142.jpg	119	144	247	272	350	528
1143.jpg	142	82	209	149	350	351
1818.jpg	132	95	206	169	350	509
1146.jpg	43	18	71	46	107	160
1147.jpg	60	36	107	83	175	175
1150.jpg	21	24	82	85	100	100
1152.jpg	211	69	333	191	350	368
1153.jpg	35	20	63	48	100	150
1155.jpg	62	34	112	84	224	340
1156.jpg	48	11	94	57	150	150
1162.jpg	36	59	151	174	198	270
1166.jpg	98	115	219	236	332	403
1168.jpg	131	165	245	279	350	437
1171.jpg	55	105	217	267	350	436
1173.jpg	143	73	214	144	350	457
1174.jpg	115	99	190	174	350	535
1175.jpg	107	119	221	233	350	471
1717.jpg	105	118	193	206	350	576
1179.jpg	282	71	341	130	350	262
2559.jpg	96	73	164	141	350	467
1187.jpg	81	27	109	55	150	120
1189.jpg	132	65	210	143	350	471
1195.jpg	140	66	198	124	350	457
1197.jpg	127	92	182	147	350	521
1198.jpg	143	75	265	197	350	262
1207.jpg	154	118	264	228	350	471
1210.jpg	64	80	129	145	200	306
1211.jpg	134	50	200	116	350	270
1212.jpg	148	59	185	96	350	564
1217.jpg	187	80	245	138	350	470
1218.jpg	112	127	241	256	288	400
1610.jpg	139	71	203	135	350	344
2668.jpg	115	109	236	230	350	525
1233.jpg	93	93	220	220	350	255
1235.jpg	188	30	220	62	350	262
1237.jpg	138	106	288	256	350	420
1239.jpg	98	110	260	272	350	458
1240.jpg	45	35	98	88	160	120
1242.jpg	145	52	277	184	350	233
1510.jpg	89	121	206	238	350	525
1250.jpg	200	76	265	141	350	480
1251.jpg	47	114	78	145	195	300
2159.jpg	52	64	206	218	350	262
1257.jpg	130	93	244	207	350	525
1263.jpg	97	48	138	89	350	493
1264.jpg	49	29	84	64	137	170
1265.jpg	92	127	196	231	350	450
2502.jpg	112	102	213	203	350	521
1270.jpg	41	127	237	323	350	480
1271.jpg	90	55	164	129	350	494
2283.jpg	177	43	241	107	350	329
1274.jpg	24	40	53	69	113	156
1280.jpg	75	102	165	192	350	431
1283.jpg	71	41	107	77	140	200
1285.jpg	166	123	213	170	350	527
1292.jpg	87	73	155	141	300	300
1294.jpg	118	97	212	191	350	454
1295.jpg	139	73	172	106	350	469
1297.jpg	45	35	78	68	122	170
1667.jpg	202	48	276	122	350	283
1301.jpg	50	38	109	97	200	250
1303.jpg	110	109	246	245	350	490
1305.jpg	138	116	238	216	350	525
1452.jpg	151	97	224	170	350	525
1311.jpg	69	80	212	223	350	496
1312.jpg	48	142	237	331	350	526
1313.jpg	93	117	171	195	350	466
1314.jpg	124	50	184	110	350	256
1316.jpg	149	35	222	108	350	509
1318.jpg	100	115	226	241	350	470
1320.jpg	112	101	213	202	350	476
1321.jpg	61	31	94	64	150	239
1329.jpg	18	54	161	197	237	300
1332.jpg	146	81	211	146	350	537
1333.jpg	91	115	201	225	285	390
1334.jpg	115	83	140	108	272	400
1337.jpg	128	104	193	169	350	525
1338.jpg	112	38	186	112	350	546
1613.jpg	132	94	209	171	350	540
1344.jpg	195	68	256	129	350	466
1345.jpg	23	20	48	45	170	128
1346.jpg	35	18	67	50	103	129
1350.jpg	78	60	140	122	224	300
2736.jpg	134	101	225	192	350	466
1354.jpg	126	48	180	102	350	233
1355.jpg	40	32	81	73	115	170
1915.jpg	135	114	225	204	350	466
1358.jpg	198	41	246	89	350	379
1359.jpg	185	61	264	140	350	480
1361.jpg	149	245	226	322	350	566
1364.jpg	153	51	195	93	350	572
1367.jpg	172	73	285	186	350	558
1371.jpg	231	34	279	82	350	497
1373.jpg	216	63	263	110	350	386
2550.jpg	183	94	249	160	350	436
2265.jpg	246	18	289	61	350	262
1384.jpg	107	90	212	195	300	414
1633.jpg	144	68	214	138	350	525
2111.jpg	110	59	200	149	350	444
2236.jpg	124	118	235	229	350	455
1392.jpg	115	97	168	150	350	389
1393.jpg	120	96	218	194	350	526
2594.jpg	148	59	288	199	350	262
1397.jpg	133	108	223	198	350	370
1398.jpg	177	39	215	77	350	263
1399.jpg	211	66	274	129	350	435
1402.jpg	63	19	89	45	150	113
2152.jpg	134	105	211	182	350	538
1404.jpg	138	88	220	170	350	262
1406.jpg	132	86	213	167	350	458
1411.jpg	119	129	176	186	300	468
1414.jpg	124	73	236	185	350	525
1415.jpg	69	55	138	124	238	336
2087.jpg	124	69	206	151	350	493
1421.jpg	130	60	223	153	350	250
1423.jpg	101	106	194	199	341	450
1426.jpg	111	137	219	245	350	496
1428.jpg	109	50	184	125	350	340
1430.jpg	40	41	70	71	104	160
1434.jpg	53	26	99	72	170	128
1440.jpg	143	85	238	180	350	525
1442.jpg	35	68	113	146	148	192
1443.jpg	129	58	181	110	305	400
1444.jpg	209	119	285	195	350	644
1445.jpg	101	45	168	112	300	194
1448.jpg	150	73	212	135	350	550
1449.jpg	119	80	288	249	350	320
1456.jpg	156	114	202	160	350	432
1920.jpg	275	65	343	133	350	463
1460.jpg	135	61	198	124	350	528
1462.jpg	165	59	201	95	350	529
1463.jpg	143	82	202	141	350	527
1465.jpg	132	113	229	210	350	492
2287.jpg	149	76	191	118	350	555
1471.jpg	70	113	216	259	350	349
1473.jpg	147	52	181	86	333	500
1475.jpg	31	105	173	247	350	515
1479.jpg	127	82	192	147	350	561
1481.jpg	62	32	112	82	196	279
1482.jpg	47	19	76	48	103	129
1483.jpg	113	59	151	97	200	271
1485.jpg	190	53	257	120	350	262
1492.jpg	146	94	222	170	350	441
1494.jpg	154	114	263	223	350	482
1495.jpg	130	114	223	207	350	524
1497.jpg	45	41	82	78	130	100
1498.jpg	136	32	191	87	350	262
1501.jpg	150	83	200	133	350	527
1505.jpg	34	31	63	60	100	140
1509.jpg	151	79	215	143	350	262
1512.jpg	126	61	212	147	350	436
1514.jpg	174	77	241	144	350	571
1516.jpg	7	29	58	80	100	150
1518.jpg	78	139	225	286	343	500
1520.jpg	41	45	90	94	192	275
1521.jpg	133	43	207	117	350	480
1522.jpg	130	169	202	241	350	512
1529.jpg	56	27	84	55	150	120
1533.jpg	64	35	92	63	149	200
1534.jpg	67	31	94	58	180	135
1536.jpg	163	18	196	51	350	272
1537.jpg	159	42	206	89	350	338
1538.jpg	236	35	273	72	350	262
2443.jpg	143	66	216	139	350	559
1547.jpg	106	138	265	297	350	437
1549.jpg	100	18	128	46	150	100
1756.jpg	70	148	241	319	350	505
1555.jpg	144	68	201	125	350	502
1556.jpg	216	91	271	146	350	262
1710.jpg	185	95	270	180	350	526
1558.jpg	137	70	207	140	350	525
1559.jpg	138	150	295	307	350	374
1564.jpg	65	115	234	284	350	554
1569.jpg	66	10	153	97	240	179
1575.jpg	100	87	180	167	350	350
1577.jpg	110	81	228	199	350	483
1582.jpg	145	18	170	43	200	150
1584.jpg	159	68	227	136	350	524
1585.jpg	71	81	196	206	350	384
2529.jpg	112	115	233	236	350	459
1591.jpg	125	116	184	175	350	443
1594.jpg	43	37	75	69	100	150
1596.jpg	155	92	233	170	350	464
1598.jpg	164	17	214	67	350	220
1600.jpg	56	130	175	249	350	531
1605.jpg	126	149	277	300	350	481
1871.jpg	91	106	183	198	300	376
2634.jpg	49	103	192	246	350	510
1615.jpg	51	45	84	78	170	254
1663.jpg	145	39	210	104	350	232
1624.jpg	70	21	97	48	170	134
1625.jpg	139	42	196	99	350	357
1626.jpg	99	78	212	191	350	379
1628.jpg	149	22	176	49	200	150
2476.jpg	148	46	210	108	350	257
1634.jpg	119	94	204	179	350	523
1636.jpg	101	176	238	313	350	523
1637.jpg	38	37	71	70	131	180
1638.jpg	158	85	211	138	350	468
1641.jpg	95	96	147	148	278	400
2267.jpg	157	77	204	124	350	472
1649.jpg	112	161	186	235	350	553
1650.jpg	147	70	194	117	350	525
1652.jpg	114	187	223	296	350	720
1655.jpg	152	60	207	115	350	262
1656.jpg	120	92	210	182	350	525
1658.jpg	68	18	98	48	148	200
1660.jpg	73	88	140	155	200	252
1661.jpg	116	116	220	220	350	471
1665.jpg	158	46	192	80	350	262
1669.jpg	115	37	160	82	300	400
1671.jpg	70	40	115	85	180	240
1673.jpg	216	109	252	145	350	458
1676.jpg	133	90	223	180	350	460
1679.jpg	151	33	192	74	350	525
2298.jpg	105	114	217	226	350	262
2041.jpg	110	15	201	106	350	489
1684.jpg	153	45	221	113	350	440
1685.jpg	124	98	211	185	350	531
1686.jpg	127	91	246	210	350	525
1687.jpg	123	66	205	148	320	224
2526.jpg	145	99	199	153	350	525
1696.jpg	98	53	152	107	225	344
1698.jpg	167	111	277	221	350	437
1701.jpg	36	29	64	57	150	206
1702.jpg	38	22	66	50	102	139
1706.jpg	113	84	201	172	350	536
2275.jpg	84	117	168	201	350	511
1711.jpg	37	31	65	59	100	140
1715.jpg	105	71	196	162	350	524
1716.jpg	47	68	258	279	300	338
1718.jpg	165	58	213	106	350	417
1721.jpg	50	33	83	66	130	170
1724.jpg	143	35	263	155	350	463
1726.jpg	177	40	246	109	350	438
1729.jpg	99	66	142	109	260	400
1738.jpg	38	16	67	45	109	164
1837.jpg	119	31	185	97	350	270
1740.jpg	141	81	244	184	350	489
1742.jpg	190	61	256	127	350	458
1746.jpg	31	39	59	67	100	150
1748.jpg	243	63	288	108	350	262
1753.jpg	41	32	72	63	113	150
1755.jpg	48	29	75	56	150	161
1758.jpg	153	45	197	89	350	262
1759.jpg	136	84	207	155	350	517
1772.jpg	141	90	209	158	350	499
1774.jpg	35	18	62	45	104	140
1777.jpg	106	89	158	141	350	432
1782.jpg	54	55	130	131	250	300
1785.jpg	91	51	133	93	221	512
1791.jpg	158	117	232	191	350	524
1793.jpg	63	65	169	171	350	262
1795.jpg	141	93	208	160	350	551
1804.jpg	128	92	249	213	350	540
1806.jpg	149	71	204	126	350	497
1810.jpg	131	59	171	99	350	347
2128.jpg	130	38	198	106	350	432
1819.jpg	125	101	202	178	350	526
1824.jpg	42	31	84	73	125	170
2707.jpg	114	102	234	222	350	504
1828.jpg	119	109	227	217	350	525
1832.jpg	118	151	230	263	350	465
1833.jpg	74	99	197	222	350	523
1836.jpg	26	29	59	62	150	113
1843.jpg	280	9	321	50	350	375
1845.jpg	32	20	60	48	107	160
1848.jpg	152	76	264	188	350	262
1850.jpg	83	88	139	144	300	300
1851.jpg	157	73	224	140	350	332
1853.jpg	192	81	234	123	341	361
1855.jpg	102	113	218	229	350	408
1857.jpg	143	68	207	132	350	535
1858.jpg	104	124	233	253	350	501
1860.jpg	148	56	199	107	350	450
2575.jpg	171	75	233	137	350	437
1863.jpg	156	39	219	102	350	474
1864.jpg	72	55	105	88	110	150
1867.jpg	173	65	329	221	350	332
2322.jpg	173	98	249	174	350	525
1872.jpg	164	55	210	101	350	233
1876.jpg	40	174	177	311	350	485
1880.jpg	129	31	160	62	350	278
1885.jpg	83	93	197	207	350	525
1887.jpg	149	80	225	156	350	525
1889.jpg	208	45	250	87	350	280
1892.jpg	54	56	130	132	210	210
1894.jpg	139	67	197	125	350	563
1895.jpg	70	29	212	171	350	263
2062.jpg	233	42	303	112	350	262
1898.jpg	103	80	150	127	350	602
1900.jpg	171	64	214	107	293	400
1901.jpg	98	67	145	114	230	306
1902.jpg	155	74	238	157	350	489
1904.jpg	111	69	182	140	350	527
1905.jpg	104	72	166	134	196	279
1907.jpg	86	32	150	96	350	262
1911.jpg	117	68	176	127	290	400
1913.jpg	138	56	206	124	350	363
1914.jpg	113	33	142	62	170	127
1917.jpg	131	70	223	162	350	456
1922.jpg	94	47	143	96	350	262
2586.jpg	123	85	203	165	350	512
1925.jpg	116	98	145	127	350	420
1927.jpg	125	77	194	146	350	507
1928.jpg	68	31	271	234	350	328
2117.jpg	144	195	215	266	350	524
1930.jpg	264	90	301	127	350	261
1932.jpg	98	56	144	102	350	262
1934.jpg	79	93	172	186	350	470
1936.jpg	107	108	233	234	350	453
1940.jpg	38	36	67	65	104	152
1943.jpg	155	80	226	151	350	478
1949.jpg	112	106	195	189	350	556
1956.jpg	163	91	221	149	350	539
1958.jpg	138	105	217	184	350	475
1962.jpg	172	64	263	155	350	369
1970.jpg	6	29	89	112	350	262
1973.jpg	163	48	220	105	350	262
1975.jpg	181	98	288	205	350	491
1976.jpg	132	113	222	203	350	490
1977.jpg	36	30	73	67	112	170
1979.jpg	46	22	74	50	122	160
1980.jpg	101	63	147	109	297	450
1983.jpg	121	35	162	76	294	375
1984.jpg	86	26	135	75	207	320
1985.jpg	144	62	228	146	350	561
1986.jpg	113	101	228	216	350	535
1989.jpg	100	108	172	180	350	511
1990.jpg	146	66	206	126	350	472
1991.jpg	60	93	173	206	338	400
1992.jpg	36	32	65	61	180	133
1994.jpg	14	35	97	118	120	171
2000.jpg	148	85	234	171	350	385
2003.jpg	105	106	206	207	350	496
2006.jpg	117	36	198	117	305	456
2007.jpg	70	107	165	202	350	521
2011.jpg	119	71	195	147	350	391
2019.jpg	149	27	194	72	350	455
2024.jpg	114	98	230	214	350	416
2026.jpg	172	136	253	217	350	581
2029.jpg	90	50	151	111	300	200
2033.jpg	144	67	196	119	350	658
2034.jpg	53	89	133	169	270	381
2084.jpg	167	50	219	102	350	423
2036.jpg	204	54	282	132	350	234
2037.jpg	79	55	120	96	196	279
2038.jpg	209	86	257	134	350	282
2042.jpg	133	190	176	233	350	525
2047.jpg	91	61	189	159	350	253
2049.jpg	161	84	251	174	350	450
2052.jpg	133	83	205	155	350	525
2064.jpg	117	62	223	168	350	491
2073.jpg	149	38	203	92	297	700
2074.jpg	143	50	209	116	349	236
2075.jpg	50	25	79	54	133	214
2076.jpg	36	30	91	85	135	135
2077.jpg	129	46	186	103	350	247
2081.jpg	123	77	182	136	350	546
2088.jpg	77	19	103	45	150	113
2093.jpg	166	18	219	71	350	262
2095.jpg	50	38	81	69	135	200
2099.jpg	36	15	85	64	125	100
2101.jpg	125	116	236	227	350	504
2102.jpg	146	106	266	226	350	333
2525.jpg	154	52	225	123	350	525
2124.jpg	159	87	202	130	350	651
2112.jpg	145	62	189	106	350	531
2113.jpg	30	36	60	66	121	150
2118.jpg	203	124	237	158	350	263
2119.jpg	14	129	152	267	350	434
2121.jpg	128	64	193	129	350	505
2122.jpg	121	71	179	129	349	500
2126.jpg	63	63	131	131	230	300
2127.jpg	45	52	96	103	350	370
2131.jpg	94	35	124	65	170	164
2133.jpg	63	46	95	78	120	120
2134.jpg	31	37	65	71	104	128
2140.jpg	152	17	192	57	350	250
2148.jpg	65	29	104	68	350	262
2361.jpg	136	37	246	147	350	262
2734.jpg	171	57	296	182	325	400
2154.jpg	151	96	260	205	350	524
2155.jpg	65	25	93	53	139	200
2157.jpg	54	81	90	117	350	255
2162.jpg	33	20	61	48	100	100
2164.jpg	184	25	239	80	350	466
2165.jpg	125	112	241	228	350	501
2166.jpg	172	193	221	242	350	593
2560.jpg	62	154	257	349	350	445
2169.jpg	164	120	267	223	350	536
2171.jpg	138	40	206	108	350	526
2174.jpg	134	75	197	138	350	490
2175.jpg	128	77	198	147	350	525
2179.jpg	31	31	62	62	100	140
2183.jpg	118	108	228	218	350	359
2184.jpg	105	87	205	187	334	500
2185.jpg	103	54	159	110	270	450
2187.jpg	36	26	64	54	116	148
2188.jpg	86	38	121	73	198	320
2191.jpg	161	55	214	108	350	420
2197.jpg	90	101	205	216	296	400
2198.jpg	97	180	253	336	350	527
2204.jpg	159	61	258	160	350	469
2208.jpg	110	161	211	262	330	330
2212.jpg	69	38	99	68	350	257
2213.jpg	82	122	214	254	350	536
2216.jpg	131	135	226	230	350	531
2222.jpg	179	56	314	191	350	262
2224.jpg	164	153	262	251	350	492
2228.jpg	94	96	188	190	350	523
2231.jpg	47	72	97	122	350	350
2232.jpg	16	100	185	269	266	400
2240.jpg	148	85	215	152	350	479
2244.jpg	63	26	94	57	160	200
2248.jpg	135	79	195	139	350	280
2249.jpg	138	122	219	203	350	437
2250.jpg	35	34	63	62	100	122
2251.jpg	128	84	201	157	350	525
2252.jpg	87	92	183	188	270	400
2254.jpg	37	48	100	111	158	214
2258.jpg	163	38	209	84	300	521
2260.jpg	137	97	222	182	312	600
2263.jpg	162	123	263	224	350	332
2264.jpg	135	58	213	136	350	500
2269.jpg	37	38	65	66	170	240
2420.jpg	123	53	198	128	350	526
2271.jpg	61	68	280	287	350	357
2272.jpg	43	33	69	59	109	160
2274.jpg	91	81	149	139	350	504
2277.jpg	25	33	71	79	113	180
2278.jpg	99	97	220	218	300	450
2280.jpg	164	45	231	112	350	475
2281.jpg	107	27	166	86	350	255
2282.jpg	122	98	201	177	350	353
2285.jpg	93	142	210	259	350	484
2286.jpg	45	18	84	57	150	150
2289.jpg	79	149	201	271	350	531
2290.jpg	141	150	263	272	350	569
2293.jpg	140	55	203	118	318	400
2294.jpg	104	75	141	112	250	371
2296.jpg	145	28	207	90	350	477
2577.jpg	114	101	202	189	350	457
2301.jpg	103	126	189	212	350	498
2303.jpg	119	94	177	152	327	490
2304.jpg	58	38	113	93	160	209
2307.jpg	138	63	219	144	350	485
2309.jpg	82	46	116	80	223	305
2312.jpg	261	90	294	123	350	262
2313.jpg	66	103	108	145	350	632
2316.jpg	160	71	236	147	350	566
2317.jpg	133	74	191	132	350	550
2319.jpg	183	140	247	204	350	465
2325.jpg	79	49	159	129	227	171
2329.jpg	146	57	194	105	350	570
2332.jpg	39	38	72	71	114	170
2334.jpg	153	42	226	115	350	419
2335.jpg	119	68	182	131	280	334
2336.jpg	169	76	243	150	350	520
2348.jpg	98	142	163	207	350	597
2350.jpg	150	67	261	178	350	279
2351.jpg	45	39	70	64	106	160
2352.jpg	200	112	284	196	350	640
2353.jpg	81	55	137	111	284	427
2356.jpg	114	66	195	147	350	291
2358.jpg	42	27	74	59	134	214
2363.jpg	155	31	208	84	350	436
2365.jpg	27	29	75	77	160	120
2367.jpg	161	64	235	138	350	334
2376.jpg	92	103	201	212	350	580
2384.jpg	100	75	155	130	350	437
2386.jpg	141	121	235	215	350	512
2391.jpg	143	113	237	207	304	425
2394.jpg	150	38	214	102	350	350
2399.jpg	98	102	159	163	350	240
2402.jpg	63	64	154	155	250	351
2404.jpg	36	28	63	55	105	160
2406.jpg	170	63	248	141	350	527
2414.jpg	148	56	190	98	350	525
2480.jpg	130	160	229	259	350	523
2418.jpg	159	78	234	153	350	348
2422.jpg	123	145	246	268	350	486
2423.jpg	43	22	74	53	101	125
2425.jpg	123	32	151	60	170	127
2757.jpg	113	97	221	205	350	475
2427.jpg	151	70	228	147	350	585
2428.jpg	118	79	184	145	350	492
2431.jpg	87	37	118	68	251	400
2432.jpg	146	74	211	139	350	525
2433.jpg	102	107	202	207	350	498
2434.jpg	190	71	251	132	350	487
2438.jpg	42	32	76	66	102	111
2441.jpg	69	19	94	44	150	150
2444.jpg	101	12	174	85	320	240
2450.jpg	59	123	166	230	350	427
2451.jpg	41	21	67	47	106	172
2457.jpg	141	34	198	91	350	551
2460.jpg	146	105	210	169	350	577
2461.jpg	99	101	157	159	350	240
2463.jpg	62	58	123	119	241	400
2464.jpg	28	32	58	62	138	200
2469.jpg	61	38	91	68	200	192
2472.jpg	134	74	222	162	344	453
2478.jpg	59	14	84	39	150	200
2486.jpg	170	37	224	91	307	400
2487.jpg	73	18	99	44	125	180
2490.jpg	37	24	64	51	109	140
2493.jpg	163	76	228	141	350	562
2494.jpg	163	50	227	114	350	477
2496.jpg	105	72	175	142	324	500
2497.jpg	35	32	69	66	113	170
2499.jpg	88	36	118	66	200	243
2500.jpg	109	53	161	105	350	245
2505.jpg	103	144	197	238	331	506
2506.jpg	44	110	151	217	250	376
2507.jpg	103	83	184	164	350	463
2509.jpg	98	110	223	235	350	493
2510.jpg	99	63	224	188	350	487
2513.jpg	90	135	239	284	350	479
2518.jpg	70	68	193	191	350	287
2519.jpg	48	88	114	154	350	473
2521.jpg	142	35	193	86	350	622
2522.jpg	68	31	99	62	150	112
2530.jpg	122	70	201	149	350	575
2531.jpg	5	40	125	160	193	227
2532.jpg	104	109	215	220	350	525
2537.jpg	144	85	196	137	309	400
2543.jpg	134	35	186	87	300	400
2546.jpg	24	49	70	95	119	170
2547.jpg	2	142	48	188	320	856
2551.jpg	90	70	154	134	350	466
2554.jpg	133	86	222	175	350	539
2563.jpg	41	23	82	64	129	160
2571.jpg	46	33	86	73	114	170
2574.jpg	60	88	148	176	350	262
2578.jpg	84	29	112	57	156	200
2579.jpg	29	39	63	73	125	180
2585.jpg	50	41	83	74	135	180
2587.jpg	140	55	202	117	350	270
2590.jpg	120	130	188	198	350	451
2591.jpg	32	39	80	87	115	170
2595.jpg	178	80	285	187	350	262
2597.jpg	118	115	243	240	350	525
2600.jpg	144	91	217	164	350	525
2603.jpg	52	47	105	100	179	260
2604.jpg	38	47	91	100	138	200
2609.jpg	147	77	228	158	350	525
2610.jpg	25	8	50	33	175	131
2611.jpg	78	21	108	51	180	133
2618.jpg	107	100	231	224	350	494
2619.jpg	48	17	77	46	100	100
2620.jpg	72	110	213	251	350	533
2623.jpg	190	52	255	117	350	465
2625.jpg	39	21	207	189	350	262
2628.jpg	152	65	227	140	350	490
2635.jpg	122	73	191	142	350	523
2636.jpg	39	69	116	146	199	199
2638.jpg	92	97	165	170	350	240
2639.jpg	83	37	118	72	196	279
2640.jpg	172	50	236	114	350	511
2641.jpg	143	87	191	135	350	449
2644.jpg	150	96	234	180	350	618
2647.jpg	99	104	211	216	350	524
2656.jpg	107	124	206	223	350	495
2660.jpg	162	94	243	175	350	677
2661.jpg	30	9	61	40	110	165
2663.jpg	68	41	121	94	180	150
2664.jpg	202	65	245	108	350	495
2666.jpg	46	207	209	370	350	581
2670.jpg	142	86	214	158	311	350
2673.jpg	62	136	271	345	350	481
2675.jpg	99	30	137	68	225	437
2677.jpg	37	26	67	56	100	150
2680.jpg	91	114	180	203	267	400
2681.jpg	38	52	102	116	350	250
2687.jpg	60	23	89	52	150	113
2688.jpg	77	33	105	61	170	122
2690.jpg	52	65	87	100	126	193
2691.jpg	115	33	205	123	320	240
2693.jpg	67	68	153	154	196	279
2694.jpg	94	114	207	227	350	537
2705.jpg	37	31	64	58	109	164
2710.jpg	90	72	174	156	350	499
2713.jpg	107	92	185	170	350	591
2716.jpg	31	34	71	74	121	170
2721.jpg	120	86	243	209	350	467
2724.jpg	64	27	93	56	168	121
2731.jpg	150	80	279	209	350	262
2735.jpg	74	35	101	62	170	229
2737.jpg	101	110	208	217	350	488
2740.jpg	100	75	150	125	350	378
2742.jpg	49	27	78	56	110	150
2743.jpg	100	69	203	172	350	292
2748.jpg	173	106	250	183	350	402
2749.jpg	45	29	96	80	140	105
2751.jpg	103	65	165	127	350	400
2762.jpg	140	58	198	116	350	246
2768.jpg	26	25	54	53	108	108
2773.jpg	54	47	100	93	180	180
2774.jpg	65	64	134	133	202	215
2777.jpg	26	24	54	52	100	160
2782.jpg	129	54	170	95	350	492
2783.jpg	161	144	205	188	350	463
2792.jpg	86	99	182	195	267	400
2797.jpg	188	53	265	130	350	483
2805.jpg	84	121	190	227	350	440
2808.jpg	146	120	203	177	350	521
2812.jpg	49	19	74	44	108	120
2814.jpg	54	135	155	236	350	530
2815.jpg	132	45	195	108	350	603
2817.jpg	57	26	86	55	160	122
2818.jpg	46	19	74	47	133	100
