0.jpg	73	58	132	117	233	360
26.jpg	82	77	207	202	250	293
2.jpg	144	54	218	128	240	228
3.jpg	53	66	84	97	100	140
4.jpg	55	29	92	66	128	170
5.jpg	144	97	216	169	300	418
52.jpg	111	93	245	227	350	262
7.jpg	140	51	189	100	331	398
8.jpg	67	38	108	79	160	160
62.jpg	117	140	272	295	338	425
154.jpg	138	67	250	179	350	233
294.jpg	121	77	216	172	350	450
178.jpg	131	14	274	157	350	196
43.jpg	104	60	185	141	294	450
16.jpg	136	120	180	164	250	250
18.jpg	148	69	204	125	350	303
19.jpg	78	76	149	147	240	341
20.jpg	83	49	132	98	350	232
38.jpg	91	69	160	138	244	327
22.jpg	131	132	246	247	350	487
295.jpg	107	130	271	294	350	495
24.jpg	76	38	141	103	208	146
25.jpg	80	120	177	217	265	400
27.jpg	162	54	207	99	350	322
76.jpg	48	91	154	197	198	231
29.jpg	64	48	118	102	137	180
31.jpg	23	61	93	131	125	159
33.jpg	60	53	145	138	177	256
34.jpg	48	60	117	129	160	203
35.jpg	72	83	153	164	250	338
36.jpg	47	56	77	86	100	144
37.jpg	151	34	185	68	300	185
162.jpg	83	66	199	182	350	350
40.jpg	74	69	132	127	200	276
41.jpg	121	109	246	234	350	341
42.jpg	31	15	77	61	120	120
221.jpg	107	156	262	311	350	533
48.jpg	21	37	85	101	105	150
84.jpg	171	76	232	137	315	400
54.jpg	116	23	170	77	350	241
55.jpg	67	85	171	189	245	336
57.jpg	63	23	90	50	150	174
112.jpg	121	72	191	142	350	210
59.jpg	229	99	327	197	350	466
64.jpg	132	58	186	112	350	196
66.jpg	43	34	91	82	150	200
68.jpg	139	54	210	125	350	456
200.jpg	111	78	194	161	300	424
70.jpg	87	60	155	128	220	330
71.jpg	223	116	301	194	320	240
141.jpg	111	37	160	86	165	250
73.jpg	46	37	94	85	150	150
74.jpg	128	64	204	140	350	464
78.jpg	189	51	226	88	350	204
246.jpg	84	84	133	133	350	280
80.jpg	69	61	147	139	203	152
81.jpg	124	122	218	216	350	432
82.jpg	55	51	114	110	140	170
89.jpg	84	125	209	250	281	400
90.jpg	33	38	62	67	100	150
91.jpg	28	33	73	78	102	102
93.jpg	94	69	168	143	220	293
94.jpg	49	221	111	283	285	400
96.jpg	84	117	211	244	350	446
98.jpg	87	64	227	204	320	240
100.jpg	161	55	228	122	350	227
101.jpg	71	33	147	109	231	137
103.jpg	123	88	207	172	350	234
104.jpg	142	48	180	86	350	277
106.jpg	94	42	141	89	350	233
107.jpg	226	56	311	141	350	233
109.jpg	147	69	187	109	208	300
110.jpg	97	29	127	59	240	159
259.jpg	110	127	254	271	350	463
116.jpg	67	136	194	263	230	329
119.jpg	49	43	108	102	137	180
121.jpg	31	72	92	133	150	180
122.jpg	50	58	119	127	130	182
124.jpg	63	30	124	91	203	152
125.jpg	71	92	176	197	215	249
127.jpg	139	99	279	239	350	276
128.jpg	54	56	117	119	150	184
129.jpg	147	72	196	121	350	422
131.jpg	96	58	158	120	263	164
132.jpg	161	46	193	78	280	186
133.jpg	69	72	112	115	158	245
134.jpg	90	81	133	124	180	180
136.jpg	134	56	201	123	350	459
138.jpg	78	80	169	171	225	330
139.jpg	120	163	214	257	350	467
144.jpg	114	40	161	87	240	375
181.jpg	77	129	222	274	299	400
153.jpg	45	27	80	62	150	180
155.jpg	107	78	182	153	225	291
156.jpg	164	83	226	145	350	200
257.jpg	168	107	310	249	350	420
160.jpg	98	147	265	314	350	412
161.jpg	53	21	121	89	136	102
164.jpg	220	75	263	118	350	266
165.jpg	64	157	227	320	347	500
166.jpg	124	91	223	190	350	538
168.jpg	30	50	85	105	136	200
171.jpg	45	26	75	56	116	170
173.jpg	102	85	198	181	350	508
177.jpg	122	23	148	49	250	180
183.jpg	148	55	180	87	350	230
195.jpg	141	74	244	177	350	477
185.jpg	60	20	111	71	190	220
187.jpg	19	47	85	113	112	196
189.jpg	53	18	79	44	110	170
191.jpg	25	49	86	110	102	167
192.jpg	146	63	213	130	350	313
199.jpg	67	60	99	92	150	211
202.jpg	175	47	225	97	350	210
203.jpg	96	136	248	288	300	400
204.jpg	155	45	221	111	250	250
206.jpg	56	29	103	76	150	110
210.jpg	34	26	84	76	100	100
212.jpg	96	35	139	78	237	291
216.jpg	60	170	180	290	281	407
217.jpg	55	31	94	70	120	150
218.jpg	150	131	267	248	350	526
219.jpg	29	123	201	295	250	359
223.jpg	124	62	197	135	350	263
224.jpg	49	54	83	88	131	190
226.jpg	46	43	97	94	350	267
227.jpg	129	70	213	154	350	262
229.jpg	78	96	195	213	300	412
230.jpg	98	105	182	189	300	429
231.jpg	61	86	178	203	270	338
283.jpg	111	92	224	205	350	365
235.jpg	94	35	121	62	227	151
237.jpg	133	90	211	168	350	574
261.jpg	147	59	218	130	350	233
241.jpg	93	125	236	268	350	594
242.jpg	231	79	279	127	350	304
244.jpg	51	22	75	46	104	160
247.jpg	45	45	109	109	133	160
249.jpg	67	111	203	247	350	436
250.jpg	110	127	218	235	350	456
254.jpg	127	114	249	236	350	525
264.jpg	109	115	248	254	350	443
268.jpg	35	28	62	55	117	155
272.jpg	89	90	205	206	296	387
275.jpg	209	58	257	106	350	245
277.jpg	104	101	222	219	350	468
278.jpg	61	34	95	68	145	170
279.jpg	53	94	82	123	128	219
280.jpg	72	24	100	52	170	120
281.jpg	117	97	203	183	350	540
284.jpg	39	35	81	77	100	100
287.jpg	83	56	123	96	150	150
288.jpg	118	130	246	258	350	445
290.jpg	157	99	220	162	350	507
298.jpg	77	59	131	113	203	311
299.jpg	200	202	252	254	256	400
