0.jpg	112	26	154	68	350	260
1.jpg	123	66	204	147	294	420
435.jpg	98	78	172	152	284	415
296.jpg	115	71	175	131	350	550
454.jpg	127	104	206	183	350	517
328.jpg	82	83	138	139	237	280
6.jpg	42	130	171	259	240	360
7.jpg	75	47	128	100	200	232
8.jpg	116	25	150	59	240	160
9.jpg	45	59	138	152	200	200
10.jpg	303	243	330	270	350	350
11.jpg	161	63	235	137	350	438
12.jpg	150	76	220	146	326	513
13.jpg	70	50	116	96	350	254
14.jpg	98	77	179	158	350	223
579.jpg	221	29	285	93	350	272
16.jpg	20	15	78	73	100	130
496.jpg	53	63	163	173	350	239
18.jpg	157	87	219	149	318	245
19.jpg	167	33	209	75	350	262
224.jpg	139	66	286	213	350	262
21.jpg	113	53	168	108	236	245
22.jpg	84	56	158	130	244	183
23.jpg	90	29	116	55	125	177
433.jpg	68	96	224	252	267	276
80.jpg	88	128	236	276	327	438
259.jpg	51	95	180	224	350	361
27.jpg	181	36	237	92	350	477
95.jpg	134	151	241	258	350	442
32.jpg	81	29	141	89	200	250
57.jpg	125	65	200	140	327	253
473.jpg	139	60	199	120	350	273
35.jpg	115	126	238	249	300	377
36.jpg	113	55	174	116	260	170
49.jpg	53	65	120	132	165	210
38.jpg	66	63	107	104	220	280
533.jpg	99	141	229	271	350	444
430.jpg	131	39	186	94	350	415
537.jpg	114	30	148	64	255	275
44.jpg	112	47	142	77	350	232
46.jpg	153	26	190	63	350	312
531.jpg	120	57	192	129	339	425
48.jpg	38	18	106	86	177	109
50.jpg	118	104	242	228	336	423
51.jpg	49	15	159	125	213	159
52.jpg	125	41	197	113	350	491
53.jpg	49	27	84	62	100	131
82.jpg	126	60	207	141	350	434
437.jpg	136	107	231	202	338	425
59.jpg	43	38	80	75	154	200
60.jpg	151	46	221	116	292	486
61.jpg	79	28	107	56	120	163
62.jpg	78	77	121	120	189	250
63.jpg	146	83	226	163	282	372
64.jpg	35	27	64	56	105	140
65.jpg	60	25	120	85	150	107
66.jpg	74	80	114	120	180	180
69.jpg	42	25	67	50	104	156
229.jpg	247	97	324	174	350	518
127.jpg	138	42	213	117	350	401
570.jpg	99	40	204	145	350	482
400.jpg	111	120	293	302	350	514
75.jpg	72	23	112	63	180	206
77.jpg	35	80	81	126	105	142
78.jpg	25	132	224	331	272	420
79.jpg	79	75	152	148	200	300
81.jpg	11	58	71	118	100	170
83.jpg	59	22	90	53	128	160
84.jpg	139	33	203	97	350	297
85.jpg	46	54	112	120	158	158
86.jpg	86	32	118	64	200	128
87.jpg	36	22	100	86	107	108
498.jpg	119	83	222	186	350	262
362.jpg	44	37	97	90	148	148
91.jpg	86	103	212	229	289	400
282.jpg	12	53	162	203	350	262
218.jpg	73	75	135	137	275	341
98.jpg	81	47	133	99	237	300
165.jpg	45	76	140	171	180	250
100.jpg	62	38	93	69	150	219
102.jpg	22	99	159	236	198	300
103.jpg	72	85	164	177	200	240
105.jpg	44	18	160	134	226	170
106.jpg	46	66	86	106	150	210
107.jpg	82	64	135	117	250	328
108.jpg	192	69	273	150	350	273
109.jpg	129	74	223	168	300	250
110.jpg	132	88	228	184	343	452
209.jpg	37	62	110	135	147	150
114.jpg	134	61	197	124	350	266
393.jpg	193	119	260	186	300	429
116.jpg	48	113	179	244	263	400
118.jpg	90	49	126	85	160	205
119.jpg	103	25	139	61	266	145
120.jpg	149	30	192	73	327	210
121.jpg	88	55	119	86	230	219
122.jpg	124	73	196	145	350	561
123.jpg	77	24	123	70	181	259
124.jpg	89	39	147	97	182	300
126.jpg	132	152	200	220	330	475
128.jpg	4	22	91	109	150	146
546.jpg	150	127	304	281	350	489
131.jpg	118	45	143	70	200	179
385.jpg	86	53	253	220	350	262
133.jpg	109	28	134	53	160	128
135.jpg	56	50	107	101	151	151
137.jpg	90	50	139	99	192	234
138.jpg	43	15	80	52	213	167
139.jpg	160	55	195	90	350	331
140.jpg	138	75	175	112	350	263
141.jpg	34	40	62	68	100	115
142.jpg	66	36	104	74	200	291
143.jpg	46	34	80	68	112	163
144.jpg	149	55	206	112	350	233
145.jpg	97	46	161	110	244	183
146.jpg	23	45	85	107	128	160
147.jpg	102	91	207	196	295	340
191.jpg	21	73	154	206	200	300
151.jpg	119	110	178	169	330	487
152.jpg	80	81	136	137	250	330
154.jpg	101	93	130	122	173	150
155.jpg	140	29	184	73	300	225
158.jpg	123	64	159	100	350	233
159.jpg	37	33	77	73	116	170
161.jpg	56	108	101	153	250	323
164.jpg	132	71	178	117	350	262
166.jpg	125	75	185	135	288	420
463.jpg	0	57	243	300	350	517
168.jpg	124	34	172	82	309	385
170.jpg	113	39	181	107	235	211
171.jpg	38	37	99	98	130	182
172.jpg	58	58	126	126	175	225
523.jpg	118	44	189	115	331	479
177.jpg	66	12	93	39	130	126
410.jpg	48	93	217	262	280	390
179.jpg	213	62	290	139	350	240
247.jpg	46	77	138	169	200	227
181.jpg	59	18	163	122	300	225
184.jpg	126	56	185	115	286	409
186.jpg	84	140	236	292	350	510
187.jpg	103	148	187	232	334	475
188.jpg	36	53	94	111	300	200
189.jpg	57	23	103	69	150	150
192.jpg	136	69	212	145	350	262
193.jpg	105	34	166	95	245	301
195.jpg	137	80	210	153	350	460
197.jpg	41	55	122	136	150	200
401.jpg	141	51	213	123	350	524
200.jpg	148	71	212	135	350	525
201.jpg	135	32	324	221	350	269
202.jpg	150	35	190	75	350	262
413.jpg	145	97	192	144	350	520
204.jpg	65	23	98	56	125	107
205.jpg	139	79	199	139	350	336
383.jpg	79	58	134	113	225	292
351.jpg	100	81	199	180	300	420
212.jpg	148	58	215	125	294	200
213.jpg	116	31	154	69	242	246
214.jpg	31	52	96	117	130	156
215.jpg	93	32	125	64	200	294
219.jpg	136	104	234	202	350	517
221.jpg	75	75	124	124	150	210
223.jpg	29	109	192	272	350	525
488.jpg	138	53	203	118	350	233
226.jpg	193	59	225	91	350	228
228.jpg	22	134	208	320	298	449
230.jpg	77	34	128	85	166	101
285.jpg	107	19	254	166	350	196
232.jpg	35	23	71	59	100	124
234.jpg	134	87	175	128	210	252
237.jpg	9	27	47	65	100	150
238.jpg	124	21	174	71	250	230
241.jpg	83	42	121	80	197	231
242.jpg	120	16	224	120	350	132
243.jpg	178	48	233	103	350	262
244.jpg	136	74	211	149	350	437
245.jpg	67	53	108	94	320	275
248.jpg	52	78	121	147	165	220
249.jpg	100	99	260	259	350	350
251.jpg	66	45	108	87	160	120
382.jpg	113	72	164	123	285	400
253.jpg	102	144	134	176	235	344
256.jpg	43	47	73	77	120	168
258.jpg	81	73	160	152	300	225
260.jpg	115	56	142	83	350	233
262.jpg	44	36	78	70	121	170
263.jpg	153	74	193	114	350	150
265.jpg	65	52	112	99	160	202
269.jpg	62	35	122	95	350	258
270.jpg	81	56	165	140	300	413
271.jpg	41	35	74	68	134	103
272.jpg	94	37	148	91	249	278
274.jpg	155	120	219	184	275	275
275.jpg	74	112	255	293	278	432
277.jpg	38	38	82	82	105	150
284.jpg	195	58	247	110	350	298
286.jpg	141	76	227	162	350	231
287.jpg	136	73	205	142	350	470
288.jpg	28	68	84	124	200	280
289.jpg	63	44	128	109	350	438
291.jpg	138	61	216	139	307	231
292.jpg	48	99	133	184	223	294
295.jpg	221	32	290	101	350	262
297.jpg	122	88	219	185	297	375
299.jpg	75	22	109	56	184	138
301.jpg	12	22	64	74	100	100
586.jpg	70	105	274	309	350	350
309.jpg	42	26	85	69	144	176
310.jpg	54	27	87	60	118	153
317.jpg	35	52	114	131	130	156
319.jpg	51	51	112	112	232	211
321.jpg	98	47	129	78	230	150
322.jpg	109	58	178	127	237	300
323.jpg	78	82	158	162	317	400
325.jpg	12	43	40	71	240	180
414.jpg	47	135	228	316	308	450
327.jpg	118	114	247	243	350	444
329.jpg	34	30	64	60	102	150
330.jpg	100	70	189	159	300	300
331.jpg	56	10	87	41	194	143
333.jpg	0	72	300	372	300	400
335.jpg	243	65	290	112	350	282
336.jpg	120	144	255	279	315	478
339.jpg	128	63	201	136	350	260
340.jpg	159	93	276	210	350	254
342.jpg	231	36	292	97	350	252
344.jpg	195	65	293	163	350	262
345.jpg	105	75	191	161	274	420
346.jpg	100	67	171	138	250	298
347.jpg	92	40	139	87	190	125
348.jpg	89	31	139	81	265	138
352.jpg	99	37	135	73	175	229
591.jpg	86	55	163	132	350	503
354.jpg	124	72	177	125	328	500
355.jpg	96	64	148	116	298	366
356.jpg	94	111	239	256	344	425
358.jpg	132	37	163	68	200	103
359.jpg	140	41	174	75	244	183
581.jpg	95	100	171	176	350	423
364.jpg	41	22	69	50	200	150
368.jpg	77	80	137	140	282	350
369.jpg	153	92	190	129	350	249
371.jpg	50	40	99	89	159	212
373.jpg	96	24	126	54	237	161
377.jpg	167	67	227	127	248	300
378.jpg	22	71	117	166	150	212
379.jpg	23	62	96	135	150	200
380.jpg	149	39	191	81	350	561
381.jpg	23	173	192	342	350	475
384.jpg	55	77	158	180	240	260
388.jpg	148	68	224	144	347	450
389.jpg	56	155	220	319	350	525
390.jpg	224	70	271	117	350	246
392.jpg	35	49	103	117	128	160
394.jpg	25	46	70	91	116	145
396.jpg	67	33	123	89	200	264
397.jpg	38	44	88	94	120	173
398.jpg	101	86	153	138	350	374
399.jpg	79	31	117	69	143	109
406.jpg	150	91	218	159	350	399
412.jpg	136	24	186	74	350	287
415.jpg	88	38	134	84	206	274
416.jpg	64	25	93	54	117	144
417.jpg	88	21	207	140	300	200
420.jpg	156	42	203	89	240	153
422.jpg	36	75	60	99	200	151
423.jpg	98	132	211	245	350	509
425.jpg	78	71	108	101	193	193
427.jpg	136	55	180	99	350	280
428.jpg	157	59	219	121	350	219
429.jpg	20	42	106	128	132	200
436.jpg	157	98	215	156	250	178
438.jpg	134	49	178	93	280	187
440.jpg	53	46	92	85	150	150
441.jpg	92	37	157	102	274	300
442.jpg	30	84	104	158	350	580
443.jpg	149	77	243	171	350	502
478.jpg	145	42	233	130	350	364
446.jpg	110	51	156	97	350	263
447.jpg	66	29	91	54	150	150
567.jpg	89	37	119	67	350	232
449.jpg	121	50	177	106	350	352
450.jpg	46	83	165	202	203	333
451.jpg	117	67	225	175	350	278
452.jpg	111	71	201	161	300	400
455.jpg	144	85	211	152	350	500
456.jpg	52	101	104	153	350	232
461.jpg	100	120	212	232	350	441
466.jpg	41	47	105	111	150	175
467.jpg	138	142	178	182	279	352
469.jpg	129	83	248	202	350	262
472.jpg	95	101	168	174	350	423
475.jpg	159	11	194	46	350	348
476.jpg	141	40	189	88	350	267
477.jpg	101	44	141	84	181	270
479.jpg	206	78	250	122	350	312
512.jpg	146	62	238	154	350	440
481.jpg	44	15	74	45	120	108
542.jpg	107	43	190	126	350	410
486.jpg	219	36	265	82	350	262
489.jpg	119	60	195	136	350	431
491.jpg	148	86	233	171	350	262
493.jpg	69	133	163	227	350	487
495.jpg	78	84	151	157	276	342
499.jpg	44	48	73	77	120	176
502.jpg	155	65	212	122	350	477
503.jpg	41	146	145	250	250	322
504.jpg	210	56	263	109	350	275
506.jpg	75	29	110	64	350	425
507.jpg	174	44	260	130	350	280
509.jpg	189	43	253	107	350	250
511.jpg	206	55	288	137	350	262
513.jpg	102	141	226	265	350	454
515.jpg	134	33	202	101	350	438
516.jpg	229	18	271	60	350	276
517.jpg	122	71	232	181	350	233
519.jpg	155	87	213	145	350	525
520.jpg	185	38	243	96	350	235
522.jpg	92	134	234	276	350	449
524.jpg	108	56	174	122	299	499
526.jpg	65	85	209	229	234	293
529.jpg	131	72	222	163	350	262
532.jpg	92	163	251	322	350	441
534.jpg	103	45	131	73	150	226
536.jpg	130	114	244	228	350	455
538.jpg	148	136	227	215	350	437
541.jpg	33	37	86	90	128	160
574.jpg	151	28	188	65	350	449
545.jpg	30	72	138	180	204	300
548.jpg	31	29	90	88	130	130
549.jpg	132	77	209	154	350	450
550.jpg	157	47	189	79	350	262
552.jpg	216	17	263	64	350	262
554.jpg	152	92	241	181	350	497
555.jpg	69	63	131	125	200	281
556.jpg	148	35	199	86	350	197
558.jpg	49	36	81	68	150	150
559.jpg	96	22	124	50	212	136
563.jpg	57	121	164	228	350	474
565.jpg	176	36	245	105	350	413
566.jpg	114	38	288	212	350	262
568.jpg	112	65	192	145	350	262
569.jpg	54	69	126	141	180	268
571.jpg	147	21	198	72	350	220
575.jpg	178	65	244	131	350	399
576.jpg	74	82	175	183	350	475
577.jpg	195	42	277	124	350	197
578.jpg	131	62	225	156	250	250
580.jpg	74	23	107	56	175	200
583.jpg	39	30	72	63	100	159
585.jpg	48	45	91	88	183	211
588.jpg	21	65	105	149	350	261
590.jpg	123	17	221	115	350	528
592.jpg	56	35	114	93	180	250
593.jpg	145	55	204	114	350	280
594.jpg	160	40	228	108	350	411
595.jpg	84	31	123	70	225	150
596.jpg	174	15	214	55	350	520
