9.jpg	136	124	208	196	350	350
1.jpg	115	40	189	114	300	199
2.jpg	60	47	108	95	163	201
4.jpg	107	74	164	131	250	381
73.jpg	170	54	242	126	350	261
18.jpg	90	83	229	222	350	257
90.jpg	126	82	200	156	328	500
10.jpg	100	70	139	109	226	300
11.jpg	103	29	159	85	200	150
63.jpg	99	53	192	146	290	363
17.jpg	47	46	79	78	128	160
19.jpg	105	63	176	134	281	211
43.jpg	77	117	188	228	278	349
21.jpg	112	129	165	182	288	330
23.jpg	83	103	209	229	300	300
24.jpg	75	62	169	156	240	313
26.jpg	111	14	193	96	305	177
27.jpg	78	107	194	223	333	500
28.jpg	47	112	114	179	249	371
29.jpg	95	63	174	142	280	380
116.jpg	73	62	197	186	275	348
32.jpg	132	84	204	156	350	347
33.jpg	68	37	109	78	170	170
34.jpg	103	102	225	224	350	434
35.jpg	79	63	117	101	200	200
39.jpg	117	9	233	125	320	240
150.jpg	60	106	241	287	323	400
176.jpg	94	72	187	165	256	320
122.jpg	128	70	290	232	300	448
46.jpg	56	42	98	84	150	150
205.jpg	159	172	204	217	350	350
106.jpg	108	120	235	247	350	525
50.jpg	70	56	166	152	250	250
51.jpg	75	26	144	95	150	127
53.jpg	20	34	83	97	100	120
54.jpg	89	68	152	131	235	283
55.jpg	87	41	123	77	199	148
57.jpg	60	51	84	75	150	150
226.jpg	129	117	282	270	350	437
59.jpg	88	42	165	119	300	208
64.jpg	47	26	79	58	203	152
139.jpg	62	15	187	140	250	188
66.jpg	24	48	120	144	150	185
67.jpg	94	41	124	71	230	172
169.jpg	112	131	261	280	350	494
71.jpg	8	8	127	127	145	145
74.jpg	153	47	220	114	350	305
75.jpg	185	34	218	67	258	188
78.jpg	239	42	277	80	350	233
80.jpg	105	48	197	140	350	300
82.jpg	95	109	286	300	340	410
83.jpg	88	102	152	166	256	256
86.jpg	62	59	97	94	159	200
87.jpg	68	7	243	182	320	240
238.jpg	74	129	112	167	200	351
94.jpg	16	25	81	90	105	250
95.jpg	108	68	233	193	350	353
96.jpg	103	55	172	124	244	327
101.jpg	114	157	277	320	350	525
99.jpg	82	47	137	102	250	329
100.jpg	151	51	226	126	350	233
104.jpg	78	57	135	114	200	307
107.jpg	93	94	201	202	329	329
108.jpg	40	39	88	87	135	135
110.jpg	56	78	134	156	200	269
111.jpg	180	41	230	91	318	240
113.jpg	84	58	195	169	250	377
187.jpg	66	102	250	286	350	432
119.jpg	42	39	68	65	112	112
124.jpg	53	53	85	85	150	150
125.jpg	7	26	74	93	105	150
126.jpg	51	68	91	108	142	200
173.jpg	115	84	188	157	350	497
129.jpg	52	55	149	152	200	283
131.jpg	34	46	84	96	160	120
133.jpg	117	46	149	78	350	239
134.jpg	68	40	123	95	160	120
140.jpg	135	93	197	155	350	350
143.jpg	152	48	185	81	267	316
146.jpg	8	2	71	65	108	108
147.jpg	56	31	93	68	150	150
148.jpg	46	47	113	114	180	180
149.jpg	142	63	202	123	345	240
152.jpg	80	37	108	65	160	120
160.jpg	71	20	112	61	178	200
161.jpg	93	33	126	66	200	200
162.jpg	96	41	167	112	250	149
163.jpg	147	66	271	190	350	291
165.jpg	33	27	77	71	106	135
166.jpg	53	45	86	78	150	150
168.jpg	24	36	72	84	100	150
174.jpg	95	161	122	188	197	300
175.jpg	90	112	264	286	350	448
180.jpg	162	140	239	217	350	466
184.jpg	69	35	103	69	170	214
185.jpg	111	178	164	231	350	428
191.jpg	62	43	113	94	153	200
193.jpg	49	75	97	123	154	200
195.jpg	44	66	127	149	350	235
196.jpg	149	123	183	157	250	250
198.jpg	53	70	149	166	200	196
200.jpg	174	39	218	83	350	262
202.jpg	63	42	107	86	200	290
203.jpg	108	66	150	108	350	455
204.jpg	134	29	169	64	200	264
206.jpg	99	43	127	71	215	330
209.jpg	37	53	85	101	116	174
210.jpg	108	80	153	125	266	400
211.jpg	136	106	177	147	350	350
214.jpg	207	66	289	148	350	350
215.jpg	172	112	236	176	350	383
217.jpg	26	157	61	192	248	275
218.jpg	39	32	65	58	110	150
221.jpg	55	54	84	83	145	123
224.jpg	98	44	168	114	344	344
225.jpg	206	40	261	95	350	188
232.jpg	76	46	128	98	214	200
234.jpg	267	140	312	185	350	197
235.jpg	152	44	255	147	350	256
236.jpg	48	113	142	207	218	311
239.jpg	112	74	178	140	310	400
241.jpg	123	55	171	103	350	262
