75.jpg	2	123	70	191	245	325
1.jpg	96	66	204	174	300	216
2.jpg	43	27	87	71	100	142
65.jpg	108	179	263	334	350	468
34.jpg	116	132	241	257	350	527
5.jpg	19	23	76	80	120	168
6.jpg	51	44	114	107	122	170
7.jpg	51	49	111	109	173	212
8.jpg	71	78	156	163	244	327
9.jpg	86	121	199	234	300	450
13.jpg	4	71	69	136	122	174
14.jpg	63	81	163	181	219	280
15.jpg	100	67	241	208	350	252
16.jpg	77	87	133	143	239	300
17.jpg	54	72	132	150	350	232
19.jpg	86	158	243	315	350	556
21.jpg	78	81	133	136	180	227
22.jpg	87	191	244	348	329	550
23.jpg	51	61	144	154	350	278
24.jpg	22	33	66	77	150	180
25.jpg	16	79	121	184	150	200
27.jpg	29	27	74	72	100	100
66.jpg	9	62	139	192	200	260
29.jpg	104	89	177	162	350	316
30.jpg	44	44	91	91	129	194
33.jpg	122	65	203	146	350	246
37.jpg	119	161	298	340	310	391
38.jpg	117	60	180	123	290	177
39.jpg	132	29	161	58	300	200
83.jpg	149	46	196	93	350	466
41.jpg	70	112	170	212	261	400
42.jpg	126	33	193	100	350	200
43.jpg	109	127	216	234	350	498
44.jpg	29	102	132	205	208	320
47.jpg	111	147	230	266	333	500
48.jpg	28	16	76	64	100	100
49.jpg	31	55	103	127	160	160
50.jpg	48	28	75	55	169	210
51.jpg	24	39	96	111	150	161
52.jpg	58	60	117	119	271	270
53.jpg	94	150	213	269	350	494
54.jpg	46	103	131	188	175	270
57.jpg	37	75	101	139	160	200
58.jpg	94	148	258	312	350	525
59.jpg	52	103	138	189	350	304
60.jpg	47	46	147	146	168	199
61.jpg	4	57	113	166	150	200
62.jpg	47	34	76	63	120	156
64.jpg	71	24	221	174	350	235
67.jpg	164	74	214	124	266	200
68.jpg	9	125	188	304	350	508
69.jpg	107	68	151	112	263	328
70.jpg	284	60	330	106	350	261
71.jpg	77	175	242	340	350	526
72.jpg	68	51	107	90	150	150
73.jpg	161	78	279	196	350	254
76.jpg	63	81	174	192	230	289
77.jpg	82	55	114	87	160	235
78.jpg	172	46	224	98	350	325
79.jpg	124	34	177	87	350	197
80.jpg	63	38	106	81	150	180
81.jpg	85	143	208	266	350	391
82.jpg	13	46	65	98	105	150
84.jpg	152	184	262	294	350	465
85.jpg	75	45	107	77	150	213
86.jpg	188	35	246	93	350	440
90.jpg	58	131	212	285	350	437
89.jpg	208	78	290	160	350	252
91.jpg	105	205	192	292	335	420
92.jpg	34	55	88	109	150	186
94.jpg	92	122	244	274	350	410
95.jpg	59	50	160	151	350	207
96.jpg	24	42	71	89	100	100
97.jpg	102	140	227	265	350	488
99.jpg	144	67	230	153	350	434
