383.jpg	165	57	237	129	350	262
1.jpg	78	50	125	97	200	223
2.jpg	90	63	184	157	298	315
3.jpg	49	45	100	96	150	150
4.jpg	68	70	148	150	252	297
5.jpg	51	56	271	276	300	360
450.jpg	106	72	186	152	350	490
134.jpg	90	183	229	322	350	410
465.jpg	151	46	234	129	350	262
9.jpg	103	60	174	131	267	378
10.jpg	41	31	71	61	111	152
11.jpg	43	51	88	96	123	160
206.jpg	66	104	165	203	350	350
221.jpg	84	124	200	240	300	295
227.jpg	113	67	170	124	350	233
15.jpg	225	41	264	80	350	202
16.jpg	35	13	63	41	160	120
189.jpg	124	64	233	173	350	264
420.jpg	104	53	324	273	350	329
20.jpg	52	132	155	235	250	367
21.jpg	19	38	65	84	110	165
22.jpg	120	87	247	214	350	247
31.jpg	55	60	185	190	300	225
24.jpg	47	75	116	144	200	244
26.jpg	129	98	250	219	350	518
95.jpg	112	149	248	285	350	475
28.jpg	125	124	214	213	267	400
429.jpg	201	108	287	194	350	469
33.jpg	171	67	243	139	350	469
34.jpg	78	86	203	211	325	325
35.jpg	13	5	127	119	150	150
36.jpg	59	66	136	143	220	200
37.jpg	137	36	242	141	350	262
38.jpg	51	60	124	133	165	198
39.jpg	13	113	182	282	274	400
42.jpg	10	4	43	37	110	150
43.jpg	124	93	256	225	350	437
44.jpg	74	80	140	146	200	240
45.jpg	53	29	102	78	150	115
47.jpg	21	26	67	72	100	100
138.jpg	57	46	128	117	187	203
313.jpg	68	64	182	178	350	498
50.jpg	45	43	129	127	150	200
51.jpg	97	112	196	211	298	411
52.jpg	46	54	104	112	194	256
53.jpg	32	61	105	134	138	175
55.jpg	38	53	68	83	243	173
458.jpg	131	66	221	156	350	472
59.jpg	45	52	94	101	130	156
411.jpg	117	78	333	294	350	469
63.jpg	61	78	129	146	226	300
285.jpg	84	224	253	393	350	527
423.jpg	204	15	252	63	350	262
434.jpg	88	73	203	188	350	442
71.jpg	179	63	231	115	302	468
290.jpg	109	120	278	289	350	388
75.jpg	119	95	253	229	350	437
77.jpg	69	2	148	81	150	112
78.jpg	79	119	200	240	300	398
79.jpg	108	128	234	254	310	410
80.jpg	106	123	248	265	350	483
81.jpg	60	54	93	87	150	221
126.jpg	61	70	146	155	189	260
87.jpg	66	113	176	223	278	400
88.jpg	55	19	85	49	103	150
89.jpg	27	72	100	145	150	200
441.jpg	103	122	255	274	350	426
91.jpg	267	31	302	66	350	262
165.jpg	137	39	197	99	350	404
94.jpg	41	46	98	103	140	140
340.jpg	69	86	292	309	350	466
163.jpg	46	75	138	167	203	300
102.jpg	101	114	250	263	342	550
103.jpg	36	50	100	114	161	134
104.jpg	61	28	86	53	150	200
106.jpg	136	39	174	77	350	416
108.jpg	143	114	224	195	350	388
109.jpg	72	99	188	215	240	360
246.jpg	187	47	263	123	350	431
111.jpg	128	126	237	235	350	524
112.jpg	126	64	241	179	350	494
114.jpg	75	71	141	137	200	263
115.jpg	94	156	285	347	333	500
117.jpg	109	86	219	196	279	261
268.jpg	96	146	255	305	350	452
120.jpg	13	14	41	42	101	150
123.jpg	79	74	165	160	200	260
124.jpg	64	43	120	99	150	208
127.jpg	37	32	105	100	110	124
128.jpg	13	15	41	43	101	150
129.jpg	75	17	108	50	150	200
131.jpg	105	96	228	219	344	425
135.jpg	128	120	246	238	350	486
136.jpg	127	67	284	224	350	262
139.jpg	57	40	120	103	156	133
141.jpg	49	32	88	71	150	234
146.jpg	40	22	68	50	100	150
177.jpg	137	73	217	153	309	403
148.jpg	59	62	157	160	245	186
150.jpg	132	183	269	320	350	383
151.jpg	175	88	253	166	350	263
154.jpg	29	33	112	116	150	200
156.jpg	145	44	222	121	350	182
159.jpg	161	76	205	120	350	233
160.jpg	62	49	103	90	175	208
162.jpg	173	73	241	141	350	457
164.jpg	145	127	267	249	338	425
166.jpg	106	55	159	108	350	225
167.jpg	42	31	85	74	150	180
169.jpg	137	172	230	265	350	486
170.jpg	90	164	133	207	195	280
171.jpg	47	50	103	106	140	168
310.jpg	46	118	150	222	350	280
174.jpg	48	67	129	148	246	185
179.jpg	61	58	138	135	200	240
180.jpg	102	80	188	166	250	249
184.jpg	75	53	206	184	220	295
208.jpg	91	69	178	156	270	242
186.jpg	71	39	151	119	203	152
188.jpg	115	74	208	167	350	255
192.jpg	62	62	141	141	200	240
193.jpg	110	90	183	163	311	265
195.jpg	160	122	256	218	300	450
197.jpg	76	108	143	175	350	525
200.jpg	20	28	63	71	150	128
202.jpg	181	59	230	108	350	481
203.jpg	84	140	253	309	350	545
204.jpg	66	73	158	165	227	227
205.jpg	147	92	237	182	350	350
207.jpg	71	39	109	77	200	226
209.jpg	42	36	107	101	350	170
303.jpg	47	50	116	119	350	262
212.jpg	39	54	94	109	140	140
213.jpg	148	168	329	349	350	466
216.jpg	43	44	99	100	157	200
275.jpg	140	80	223	163	350	469
222.jpg	44	32	72	60	128	160
225.jpg	137	49	178	90	350	360
230.jpg	23	77	139	193	200	280
231.jpg	73	61	142	130	308	480
233.jpg	81	49	144	112	200	247
235.jpg	133	89	242	198	350	262
237.jpg	154	153	324	323	350	473
238.jpg	116	63	205	152	350	233
240.jpg	71	61	132	122	192	275
242.jpg	38	30	77	69	120	150
245.jpg	86	75	199	188	300	450
248.jpg	75	66	131	122	180	211
249.jpg	169	83	289	203	350	316
475.jpg	110	66	197	153	350	529
251.jpg	8	67	218	277	300	400
276.jpg	168	85	258	175	350	476
257.jpg	170	57	250	137	350	448
258.jpg	82	140	196	254	350	467
259.jpg	32	37	76	81	104	150
262.jpg	113	102	199	188	350	477
264.jpg	119	75	158	114	288	400
265.jpg	129	93	203	167	350	484
271.jpg	63	52	111	100	350	346
274.jpg	84	18	110	44	180	135
277.jpg	84	17	112	45	160	154
312.jpg	48	91	154	197	350	262
351.jpg	182	110	289	217	350	426
281.jpg	31	38	98	105	115	160
282.jpg	113	91	196	174	335	419
283.jpg	67	77	132	142	200	250
287.jpg	57	85	156	184	280	280
291.jpg	143	124	270	251	350	427
294.jpg	25	35	70	80	105	150
327.jpg	113	69	195	151	350	554
298.jpg	34	32	88	86	150	112
300.jpg	124	98	202	176	300	394
302.jpg	214	65	282	133	350	378
304.jpg	97	69	170	142	237	297
306.jpg	88	40	127	79	350	245
308.jpg	234	44	293	103	350	262
309.jpg	108	161	240	293	350	524
315.jpg	39	21	75	57	180	135
316.jpg	101	23	130	52	157	200
318.jpg	143	49	230	136	294	400
319.jpg	131	50	205	124	350	544
321.jpg	53	67	140	154	350	262
322.jpg	48	85	76	113	110	150
326.jpg	248	126	319	197	350	262
328.jpg	146	93	218	165	350	262
329.jpg	41	22	70	51	120	142
334.jpg	163	7	341	185	350	280
335.jpg	80	64	142	126	235	333
336.jpg	178	101	228	151	350	461
344.jpg	117	79	205	167	350	456
346.jpg	148	79	284	215	350	406
347.jpg	51	71	156	176	350	487
352.jpg	104	101	197	194	350	472
354.jpg	132	114	279	261	304	374
355.jpg	176	95	257	176	350	438
357.jpg	24	27	51	54	117	178
358.jpg	60	9	116	65	350	262
359.jpg	109	149	242	282	350	553
362.jpg	85	70	173	158	350	497
365.jpg	85	132	151	198	331	600
368.jpg	110	112	248	250	350	293
369.jpg	50	43	84	77	142	177
371.jpg	37	20	64	47	150	113
375.jpg	160	115	229	184	350	439
376.jpg	58	47	114	103	176	200
382.jpg	64	6	92	34	130	150
384.jpg	69	45	102	78	150	112
385.jpg	93	31	156	94	180	230
388.jpg	242	12	289	59	350	262
390.jpg	127	109	245	227	350	389
393.jpg	70	23	96	49	150	150
395.jpg	177	139	311	273	350	457
396.jpg	70	43	130	103	175	246
397.jpg	263	39	308	84	350	262
400.jpg	74	197	236	359	350	487
401.jpg	143	132	284	273	350	472
402.jpg	68	56	103	91	166	249
403.jpg	45	72	102	129	160	240
405.jpg	117	136	195	214	350	564
408.jpg	48	93	84	129	350	249
410.jpg	149	55	207	113	350	255
422.jpg	164	97	278	211	350	412
414.jpg	140	84	205	149	350	293
419.jpg	159	107	242	190	350	549
426.jpg	43	51	112	120	140	200
427.jpg	68	230	125	287	350	523
428.jpg	188	37	250	99	350	262
431.jpg	129	118	267	256	350	445
433.jpg	115	92	211	188	350	493
435.jpg	64	72	110	118	350	292
437.jpg	217	31	260	74	350	262
442.jpg	103	33	134	64	160	240
454.jpg	141	54	196	109	350	262
455.jpg	88	64	188	164	250	350
457.jpg	100	144	217	261	315	400
460.jpg	135	85	228	178	350	250
463.jpg	41	31	68	58	114	134
466.jpg	114	79	223	188	350	546
467.jpg	95	22	122	49	150	200
470.jpg	89	160	278	349	350	542
471.jpg	76	70	205	199	300	230
472.jpg	133	45	207	119	350	466
474.jpg	36	36	78	78	117	170
477.jpg	159	36	197	74	350	233
479.jpg	99	101	213	215	350	366
482.jpg	80	160	297	377	350	536
486.jpg	140	127	269	256	350	400
487.jpg	145	80	213	148	350	486
489.jpg	117	60	230	173	350	456
490.jpg	201	81	246	126	350	350
