0.jpg	22	77	108	163	154	235
1.jpg	34	80	138	184	340	510
406.jpg	181	66	331	216	350	490
4.jpg	44	94	99	149	140	200
400.jpg	220	142	332	254	350	518
371.jpg	231	176	335	280	350	494
237.jpg	168	45	217	94	350	375
10.jpg	17	51	75	109	105	150
11.jpg	37	38	76	77	231	200
142.jpg	128	168	203	243	304	553
13.jpg	74	40	102	68	160	130
33.jpg	61	182	145	266	350	514
16.jpg	86	120	209	243	350	457
98.jpg	135	102	206	173	334	450
18.jpg	26	140	196	310	268	400
19.jpg	140	50	204	114	350	434
377.jpg	150	122	240	212	300	429
22.jpg	142	100	218	176	350	518
544.jpg	42	0	304	262	350	262
24.jpg	41	39	88	86	150	100
25.jpg	36	39	74	77	101	128
26.jpg	34	75	98	139	143	220
199.jpg	88	121	259	292	331	398
30.jpg	126	110	168	152	350	304
31.jpg	139	60	213	134	300	225
32.jpg	180	82	224	126	350	340
35.jpg	82	105	241	264	300	343
271.jpg	30	80	169	219	238	367
39.jpg	26	68	116	158	133	200
40.jpg	86	54	147	115	250	188
41.jpg	79	62	155	138	200	193
42.jpg	16	51	128	163	216	320
44.jpg	81	11	186	116	250	156
80.jpg	81	117	201	237	296	350
46.jpg	51	164	223	336	344	425
47.jpg	105	95	156	146	160	240
443.jpg	110	153	265	308	350	525
145.jpg	95	177	311	393	350	457
51.jpg	50	42	84	76	159	225
53.jpg	144	101	279	236	350	306
54.jpg	75	31	189	145	234	360
56.jpg	77	61	161	145	252	315
57.jpg	140	77	258	195	350	242
334.jpg	54	100	248	294	350	350
159.jpg	44	114	243	313	300	363
483.jpg	80	109	218	247	350	447
62.jpg	77	68	219	210	250	344
63.jpg	51	94	135	178	198	300
66.jpg	65	46	194	175	275	192
67.jpg	82	52	137	107	245	164
70.jpg	21	54	71	104	100	170
71.jpg	141	117	276	252	350	524
72.jpg	71	30	102	61	170	122
73.jpg	21	99	144	222	300	429
74.jpg	139	57	222	140	270	265
81.jpg	24	47	85	108	128	160
219.jpg	93	107	188	202	350	500
83.jpg	78	43	151	116	247	350
86.jpg	90	128	235	273	350	550
87.jpg	63	25	89	51	112	128
88.jpg	179	60	236	117	280	183
90.jpg	114	35	165	86	350	262
91.jpg	84	161	236	313	350	509
117.jpg	30	55	129	154	200	311
93.jpg	28	89	130	191	250	250
95.jpg	73	116	171	214	225	326
101.jpg	55	49	90	84	146	146
102.jpg	258	270	320	332	350	488
321.jpg	119	107	185	173	279	550
449.jpg	111	96	301	286	350	481
349.jpg	19	94	143	218	200	250
107.jpg	108	70	152	114	350	206
109.jpg	73	68	150	145	258	211
111.jpg	54	79	139	164	180	248
112.jpg	62	66	94	98	159	200
114.jpg	73	110	180	217	230	350
564.jpg	95	85	283	273	350	474
116.jpg	137	94	202	159	350	353
119.jpg	57	118	309	370	350	468
120.jpg	104	168	234	298	350	547
121.jpg	207	80	259	132	350	233
123.jpg	216	56	321	161	350	262
124.jpg	105	70	177	142	331	398
316.jpg	69	107	169	207	318	320
127.jpg	36	61	148	173	350	191
505.jpg	79	131	153	205	250	374
129.jpg	197	89	242	134	350	278
130.jpg	70	18	94	42	149	160
131.jpg	34	38	86	90	150	150
431.jpg	153	183	231	261	350	513
136.jpg	115	146	257	288	350	350
138.jpg	32	144	232	344	288	391
140.jpg	54	14	109	69	149	149
141.jpg	73	60	108	95	128	185
143.jpg	49	21	93	65	120	178
540.jpg	157	86	228	157	350	279
149.jpg	49	63	200	214	275	230
150.jpg	107	39	181	113	330	220
151.jpg	84	62	145	123	240	240
153.jpg	74	46	139	111	210	140
255.jpg	22	40	91	109	156	165
187.jpg	101	87	201	187	350	233
160.jpg	46	63	117	134	350	233
161.jpg	40	48	89	97	128	160
162.jpg	79	17	103	41	150	161
164.jpg	112	80	195	163	350	352
167.jpg	27	30	157	160	300	321
168.jpg	13	51	119	157	200	296
169.jpg	47	83	128	164	173	250
170.jpg	42	47	113	118	350	235
172.jpg	70	113	167	210	301	450
173.jpg	56	56	152	152	240	240
535.jpg	102	129	245	272	348	350
179.jpg	41	105	152	216	258	282
180.jpg	111	77	176	142	288	207
181.jpg	71	71	114	114	184	220
182.jpg	171	117	249	195	328	425
185.jpg	159	25	193	59	350	233
188.jpg	116	33	150	67	216	264
191.jpg	103	125	264	286	320	479
192.jpg	103	63	149	109	159	220
194.jpg	23	48	62	87	111	170
196.jpg	100	50	169	119	224	328
200.jpg	250	77	313	140	350	227
201.jpg	24	53	81	110	113	170
202.jpg	112	101	176	165	300	460
203.jpg	120	131	187	198	350	300
205.jpg	34	34	64	64	103	150
207.jpg	37	97	130	190	252	337
209.jpg	29	69	129	169	156	200
210.jpg	14	92	124	202	210	261
213.jpg	117	72	234	189	350	350
215.jpg	33	42	71	80	160	120
216.jpg	14	79	164	229	200	265
217.jpg	55	49	83	77	250	250
218.jpg	20	48	88	116	117	178
384.jpg	94	148	249	303	350	519
229.jpg	55	101	151	197	192	260
231.jpg	56	44	108	96	300	200
232.jpg	56	48	176	168	200	200
234.jpg	49	40	86	77	160	160
235.jpg	70	71	161	162	220	242
236.jpg	20	49	70	99	120	170
240.jpg	163	98	300	235	350	257
265.jpg	34	68	115	149	150	194
242.jpg	67	55	95	83	100	140
244.jpg	58	87	138	167	200	281
335.jpg	44	98	138	192	200	285
246.jpg	95	55	158	118	350	224
247.jpg	97	81	244	228	290	400
355.jpg	73	119	210	256	320	400
251.jpg	97	105	183	191	300	400
401.jpg	84	120	216	252	350	455
261.jpg	70	55	149	134	210	180
263.jpg	50	12	88	50	252	172
267.jpg	71	40	114	83	250	167
268.jpg	117	82	190	155	350	497
272.jpg	60	69	146	155	219	280
273.jpg	25	20	56	51	128	171
274.jpg	56	78	104	126	170	255
278.jpg	230	78	275	123	350	233
280.jpg	32	60	125	153	160	230
319.jpg	76	99	178	201	300	398
283.jpg	39	51	108	120	350	234
284.jpg	8	44	56	92	100	145
425.jpg	54	30	85	61	143	216
287.jpg	213	53	319	159	350	262
288.jpg	49	73	89	113	144	212
289.jpg	143	155	285	297	350	525
290.jpg	65	136	157	228	350	507
291.jpg	52	74	119	141	180	240
292.jpg	55	35	88	68	109	121
293.jpg	97	99	207	209	298	375
294.jpg	57	58	113	114	160	200
295.jpg	129	112	179	162	350	242
297.jpg	17	50	73	106	113	170
298.jpg	70	32	111	73	276	216
299.jpg	144	130	194	180	232	300
300.jpg	156	149	189	182	350	262
302.jpg	187	61	227	101	350	204
304.jpg	48	58	78	88	120	166
458.jpg	97	42	157	102	350	319
307.jpg	41	31	74	64	100	100
311.jpg	36	56	89	109	140	201
313.jpg	127	78	216	167	300	196
320.jpg	103	60	145	102	282	427
563.jpg	132	16	267	151	350	350
323.jpg	63	51	91	79	262	176
325.jpg	63	105	174	216	240	347
326.jpg	93	68	147	122	204	257
328.jpg	70	51	167	148	203	163
353.jpg	58	134	235	311	350	438
339.jpg	139	55	190	106	350	234
343.jpg	173	75	226	128	350	281
344.jpg	133	38	162	67	216	152
345.jpg	78	49	105	76	150	150
346.jpg	176	134	249	207	314	337
405.jpg	111	177	233	299	350	490
350.jpg	113	66	190	143	300	374
351.jpg	106	82	208	184	350	245
356.jpg	102	55	162	115	220	300
359.jpg	114	134	229	249	350	304
361.jpg	70	87	104	121	169	260
478.jpg	134	49	191	106	350	280
363.jpg	265	53	327	115	340	244
368.jpg	135	71	179	115	280	228
369.jpg	141	64	194	117	350	262
374.jpg	20	49	51	80	120	160
376.jpg	144	62	210	128	350	251
383.jpg	174	78	216	120	350	262
457.jpg	120	63	184	127	350	263
388.jpg	109	123	242	256	350	447
390.jpg	92	130	237	275	350	488
394.jpg	81	120	240	279	350	529
395.jpg	96	117	162	183	350	434
398.jpg	74	149	226	301	350	480
402.jpg	35	54	102	121	140	140
408.jpg	21	21	63	63	149	189
538.jpg	238	34	289	85	350	262
411.jpg	59	105	267	313	350	432
412.jpg	86	56	133	103	240	292
413.jpg	107	49	145	87	250	194
420.jpg	66	62	192	188	350	525
422.jpg	135	147	232	244	350	437
554.jpg	57	139	149	231	350	472
508.jpg	136	72	249	185	350	466
428.jpg	94	45	220	171	350	285
432.jpg	177	80	210	113	350	262
433.jpg	41	52	97	108	160	240
434.jpg	51	57	101	107	150	150
435.jpg	70	36	115	81	125	185
438.jpg	224	60	329	165	350	262
441.jpg	146	36	188	78	350	262
442.jpg	128	116	176	164	350	248
444.jpg	121	62	199	140	350	245
445.jpg	48	128	298	378	350	429
447.jpg	152	138	199	185	350	350
450.jpg	41	25	69	53	128	160
452.jpg	46	47	216	217	290	290
453.jpg	122	32	182	92	200	150
455.jpg	56	164	201	309	300	425
456.jpg	267	80	314	127	350	232
462.jpg	36	12	63	39	160	107
506.jpg	51	118	229	296	303	450
464.jpg	159	77	293	211	350	342
465.jpg	81	112	217	248	350	459
466.jpg	192	54	243	105	350	196
467.jpg	11	70	153	212	214	250
468.jpg	43	113	251	321	350	442
470.jpg	9	118	105	214	224	320
472.jpg	23	30	65	72	150	207
474.jpg	16	64	90	138	134	200
475.jpg	178	69	225	116	350	231
476.jpg	66	39	233	206	350	262
477.jpg	144	26	192	74	350	219
480.jpg	56	73	134	151	350	306
482.jpg	33	36	76	79	100	100
486.jpg	21	37	135	151	175	251
487.jpg	133	87	205	159	350	523
488.jpg	66	139	256	329	323	400
489.jpg	133	41	173	81	270	179
490.jpg	135	55	215	135	350	262
491.jpg	19	63	82	126	120	150
493.jpg	146	63	247	164	350	217
494.jpg	137	114	278	255	350	525
498.jpg	125	97	197	169	350	431
500.jpg	212	59	265	112	350	226
503.jpg	125	84	189	148	350	262
511.jpg	98	115	205	222	350	469
512.jpg	64	129	283	348	350	438
513.jpg	151	77	205	131	350	233
514.jpg	170	48	231	109	300	278
515.jpg	62	28	167	133	199	150
516.jpg	105	57	160	112	350	233
517.jpg	157	82	239	164	350	525
522.jpg	147	82	181	116	350	233
525.jpg	102	89	192	179	350	471
530.jpg	88	100	184	196	350	484
532.jpg	151	49	189	87	350	196
534.jpg	39	109	286	356	310	392
536.jpg	119	55	186	122	278	393
541.jpg	74	169	148	243	350	450
545.jpg	124	138	186	200	350	523
546.jpg	78	50	126	98	130	186
547.jpg	136	62	252	178	325	484
560.jpg	82	111	189	218	300	451
567.jpg	115	126	293	304	350	525
568.jpg	128	142	224	238	350	515
569.jpg	111	53	162	104	350	388
571.jpg	90	74	155	139	254	320
