1052.jpg	182	134	257	209	350	477
1076.jpg	63	96	142	175	350	448
380.jpg	13	131	150	268	350	347
1129.jpg	7	84	181	258	300	300
4.jpg	104	270	222	388	327	475
1168.jpg	117	75	197	155	350	478
205.jpg	96	96	169	169	350	351
874.jpg	97	106	220	229	350	367
8.jpg	48	60	98	110	250	149
9.jpg	87	62	134	109	173	174
10.jpg	126	67	214	155	350	317
11.jpg	58	81	138	161	223	218
388.jpg	93	50	152	109	350	350
983.jpg	126	69	221	164	298	421
14.jpg	121	70	246	195	350	494
15.jpg	203	102	233	132	350	350
31.jpg	77	182	300	405	350	500
225.jpg	59	59	181	181	231	350
18.jpg	118	70	180	132	200	196
19.jpg	48	77	83	112	170	170
1077.jpg	113	87	198	172	350	662
1023.jpg	82	182	158	258	350	347
22.jpg	124	34	152	62	280	280
23.jpg	98	148	166	216	288	450
1118.jpg	140	154	309	323	350	477
323.jpg	90	203	210	323	350	525
1300.jpg	208	97	338	227	350	358
396.jpg	72	158	216	302	350	350
29.jpg	70	165	112	207	250	250
30.jpg	115	65	192	142	350	262
33.jpg	173	128	284	239	350	350
249.jpg	42	201	188	347	285	400
1459.jpg	56	204	121	269	350	426
134.jpg	115	128	205	218	300	400
1435.jpg	196	107	301	212	350	349
39.jpg	50	63	118	131	170	170
40.jpg	161	40	221	100	350	254
41.jpg	87	80	138	131	236	300
204.jpg	100	85	138	123	215	225
43.jpg	82	63	196	177	225	324
44.jpg	56	42	89	75	122	150
45.jpg	54	142	206	294	250	347
1003.jpg	29	172	214	357	350	447
287.jpg	90	106	165	181	300	298
50.jpg	58	24	90	56	180	108
52.jpg	48	39	87	78	200	200
54.jpg	108	108	169	169	200	200
549.jpg	149	58	261	170	350	267
56.jpg	33	45	63	75	112	112
58.jpg	105	27	190	112	349	585
1316.jpg	49	138	178	267	350	351
62.jpg	30	100	90	160	120	173
867.jpg	137	121	253	237	350	344
727.jpg	14	113	140	239	200	260
66.jpg	18	65	90	137	159	240
69.jpg	63	109	156	202	175	252
70.jpg	162	62	215	115	350	482
71.jpg	121	165	195	239	350	350
72.jpg	87	196	183	292	350	350
237.jpg	54	56	129	131	229	336
74.jpg	72	50	127	105	177	206
75.jpg	25	18	53	46	127	128
1073.jpg	132	166	283	317	350	443
704.jpg	103	117	221	235	320	320
78.jpg	124	103	206	185	350	311
1040.jpg	109	142	194	227	350	352
80.jpg	36	41	69	74	100	101
84.jpg	69	161	142	234	350	528
1451.jpg	153	108	282	237	350	350
86.jpg	55	42	142	129	230	229
87.jpg	56	69	85	98	144	160
1444.jpg	161	93	256	188	350	340
90.jpg	95	37	134	76	175	176
91.jpg	101	55	166	120	268	263
92.jpg	17	50	67	100	142	142
478.jpg	110	205	248	343	350	444
94.jpg	29	42	79	92	142	142
95.jpg	80	63	128	111	300	300
96.jpg	49	31	87	69	103	150
271.jpg	144	51	207	114	350	344
1252.jpg	173	83	257	167	350	307
1425.jpg	19	71	128	180	350	350
623.jpg	49	32	110	93	200	245
364.jpg	97	141	148	192	220	220
105.jpg	45	53	73	81	120	116
106.jpg	74	48	119	93	278	400
107.jpg	76	52	127	103	128	128
108.jpg	167	45	229	107	317	440
416.jpg	67	117	165	215	350	350
312.jpg	233	112	332	211	350	350
1382.jpg	99	147	204	252	350	350
368.jpg	155	242	253	340	350	505
113.jpg	82	98	144	160	232	288
114.jpg	22	86	68	132	200	286
115.jpg	90	114	235	259	350	425
116.jpg	24	44	60	80	170	171
117.jpg	34	22	62	50	100	151
119.jpg	24	48	60	84	108	215
120.jpg	39	98	143	202	185	300
1365.jpg	23	105	168	250	350	350
122.jpg	165	112	193	140	350	350
949.jpg	108	95	177	164	320	311
288.jpg	106	104	172	170	350	349
1335.jpg	91	136	238	283	340	340
864.jpg	61	157	194	290	350	446
128.jpg	88	63	145	120	350	332
847.jpg	100	109	198	207	302	300
1216.jpg	27	39	84	96	161	350
131.jpg	50	124	222	296	280	360
132.jpg	40	36	91	87	115	134
773.jpg	122	124	244	246	311	425
135.jpg	32	32	131	131	142	200
136.jpg	23	49	68	94	100	100
137.jpg	43	83	136	176	184	260
678.jpg	32	50	145	163	216	192
723.jpg	93	121	228	256	327	327
737.jpg	81	126	198	243	350	407
1462.jpg	95	158	121	184	150	210
771.jpg	105	138	169	202	300	300
143.jpg	91	74	138	121	175	176
145.jpg	157	75	202	120	350	305
146.jpg	99	117	135	153	350	495
148.jpg	120	73	224	177	350	449
150.jpg	127	129	187	189	300	435
1261.jpg	51	102	227	278	350	466
415.jpg	72	162	193	283	350	345
390.jpg	73	128	209	264	342	425
157.jpg	7	53	64	110	100	134
158.jpg	99	115	261	277	350	429
161.jpg	169	119	234	184	350	338
162.jpg	112	194	204	286	300	300
163.jpg	103	71	133	101	200	198
164.jpg	116	85	145	114	200	200
165.jpg	29	31	58	60	112	114
169.jpg	109	74	198	163	256	256
1084.jpg	101	225	230	354	348	500
1465.jpg	128	128	326	326	350	343
639.jpg	65	40	139	114	175	131
174.jpg	143	79	195	131	350	262
175.jpg	129	141	267	279	300	315
176.jpg	30	94	65	129	130	180
177.jpg	47	43	87	83	170	193
178.jpg	19	59	51	91	142	142
179.jpg	85	128	164	207	300	300
181.jpg	20	123	180	283	228	320
182.jpg	101	161	172	232	350	466
183.jpg	91	44	145	98	200	178
184.jpg	232	111	296	175	350	262
185.jpg	89	188	242	341	350	456
1436.jpg	145	95	264	214	350	354
187.jpg	114	18	151	55	215	161
190.jpg	98	70	132	104	200	194
191.jpg	104	65	167	128	200	200
192.jpg	76	18	135	77	333	400
193.jpg	102	36	172	106	209	217
194.jpg	66	75	94	103	174	175
195.jpg	102	39	142	79	221	300
196.jpg	123	140	216	233	269	300
197.jpg	61	25	106	70	175	171
198.jpg	84	90	161	167	213	288
199.jpg	67	45	95	73	150	150
201.jpg	182	87	286	191	350	347
438.jpg	116	99	148	131	235	225
203.jpg	131	187	176	232	300	400
206.jpg	113	129	201	217	350	342
207.jpg	24	46	70	92	200	197
208.jpg	120	36	163	79	182	182
209.jpg	119	128	163	172	260	260
301.jpg	102	144	246	288	350	350
212.jpg	180	49	235	104	350	343
1140.jpg	65	131	207	273	350	387
217.jpg	109	48	152	91	319	234
218.jpg	11	60	103	152	253	229
235.jpg	69	48	181	160	350	354
222.jpg	95	35	154	94	281	211
224.jpg	100	107	198	205	350	500
226.jpg	188	127	232	171	350	350
227.jpg	161	91	243	173	350	337
568.jpg	101	120	224	243	350	477
1244.jpg	93	108	220	235	350	437
1415.jpg	135	38	176	79	350	233
233.jpg	93	21	120	48	170	170
1266.jpg	117	182	230	295	350	350
1248.jpg	39	224	124	309	350	350
547.jpg	50	151	134	235	300	300
243.jpg	56	43	87	74	150	150
244.jpg	37	19	65	47	120	120
251.jpg	173	70	242	139	350	425
252.jpg	22	37	115	130	121	150
254.jpg	61	137	145	221	200	286
255.jpg	45	66	75	96	144	160
794.jpg	66	155	135	224	350	350
258.jpg	71	77	123	129	150	192
1400.jpg	131	39	183	91	350	350
300.jpg	166	102	276	212	350	350
263.jpg	38	27	68	57	100	126
265.jpg	51	17	79	45	134	120
1046.jpg	189	82	254	147	350	348
1233.jpg	260	43	308	91	350	177
269.jpg	137	89	214	166	350	492
663.jpg	136	92	203	159	350	477
272.jpg	186	49	260	123	350	350
273.jpg	37	28	99	90	110	160
274.jpg	130	99	162	131	297	340
278.jpg	59	17	87	45	165	165
279.jpg	35	81	107	153	250	250
280.jpg	78	38	104	64	163	163
282.jpg	120	59	164	103	235	191
284.jpg	168	145	221	198	350	350
286.jpg	62	47	90	75	140	140
290.jpg	62	65	137	140	349	300
291.jpg	133	31	179	77	350	318
292.jpg	8	35	66	93	144	145
296.jpg	48	42	77	71	175	172
297.jpg	27	41	56	70	84	84
298.jpg	155	51	195	91	300	300
299.jpg	35	79	99	143	200	197
302.jpg	79	42	135	98	257	255
461.jpg	123	98	252	227	350	443
307.jpg	28	134	183	289	306	425
757.jpg	95	128	230	263	350	499
313.jpg	26	164	63	201	342	339
316.jpg	139	98	175	134	300	225
584.jpg	61	143	234	316	267	400
1377.jpg	18	128	145	255	350	350
322.jpg	66	33	93	60	150	150
325.jpg	185	149	268	232	350	323
326.jpg	109	82	162	135	250	249
330.jpg	114	107	266	259	350	350
331.jpg	123	38	156	71	200	200
583.jpg	37	49	101	113	208	185
336.jpg	100	133	206	239	350	439
340.jpg	105	60	207	162	350	350
342.jpg	128	134	256	262	350	322
344.jpg	165	229	315	379	350	458
346.jpg	74	115	104	145	200	200
1181.jpg	66	65	143	142	303	400
1097.jpg	85	88	139	142	200	200
385.jpg	169	141	259	231	350	350
350.jpg	44	79	90	125	179	250
354.jpg	17	66	80	129	208	209
356.jpg	124	106	151	133	200	200
675.jpg	116	97	194	175	350	361
360.jpg	61	77	111	127	176	226
362.jpg	202	133	235	166	350	471
363.jpg	56	64	235	243	350	360
365.jpg	144	134	286	276	350	356
366.jpg	84	138	201	255	350	439
370.jpg	22	118	72	168	155	200
371.jpg	147	59	211	123	350	441
374.jpg	10	69	39	98	112	111
375.jpg	80	60	156	136	350	380
376.jpg	41	55	81	95	100	129
624.jpg	106	116	231	241	350	487
378.jpg	49	33	88	72	112	112
379.jpg	173	94	302	223	350	350
382.jpg	122	81	187	146	350	262
389.jpg	42	60	102	120	200	197
1176.jpg	62	168	221	327	350	491
395.jpg	59	34	95	70	185	230
399.jpg	41	32	75	66	131	150
748.jpg	76	77	154	155	200	200
401.jpg	53	62	81	90	200	200
1158.jpg	64	38	125	99	250	188
404.jpg	97	59	239	201	298	317
405.jpg	73	31	106	64	164	120
626.jpg	79	113	124	158	252	315
408.jpg	57	41	94	78	185	185
409.jpg	72	39	107	74	175	172
410.jpg	17	264	61	308	328	475
411.jpg	116	291	206	381	350	499
417.jpg	111	85	139	113	215	215
419.jpg	36	25	85	74	120	120
421.jpg	10	40	97	127	150	150
422.jpg	49	41	79	71	130	187
423.jpg	124	69	166	111	247	344
511.jpg	30	108	175	253	309	300
449.jpg	112	85	163	136	320	393
427.jpg	124	119	252	247	350	436
428.jpg	136	78	263	205	350	350
429.jpg	120	83	188	151	300	385
431.jpg	91	29	148	86	350	262
432.jpg	33	8	109	84	150	110
435.jpg	12	75	84	147	172	172
437.jpg	30	38	76	84	127	160
439.jpg	85	26	112	53	137	137
440.jpg	30	15	59	44	146	150
444.jpg	110	111	178	179	350	429
446.jpg	68	67	144	143	350	350
452.jpg	50	68	129	147	200	200
454.jpg	90	49	131	90	240	240
455.jpg	93	78	122	107	200	200
834.jpg	81	123	240	282	350	380
463.jpg	113	108	213	208	350	330
464.jpg	129	81	187	139	248	340
1149.jpg	139	50	203	114	350	437
467.jpg	54	55	87	88	160	159
471.jpg	107	58	169	120	200	223
1162.jpg	44	75	104	135	169	240
473.jpg	60	54	112	106	200	253
474.jpg	79	177	112	210	200	306
476.jpg	60	97	123	160	200	254
480.jpg	86	119	257	290	350	350
481.jpg	124	61	205	142	320	240
482.jpg	38	37	65	64	128	126
833.jpg	93	57	172	136	350	301
485.jpg	36	73	161	198	200	285
488.jpg	77	75	138	136	170	170
491.jpg	102	69	147	114	350	350
492.jpg	61	110	138	187	185	251
1270.jpg	153	67	222	136	348	381
494.jpg	164	155	275	266	300	429
1044.jpg	153	61	192	100	350	477
499.jpg	125	159	178	212	350	299
501.jpg	60	33	99	72	200	200
504.jpg	134	117	162	145	200	197
505.jpg	127	66	217	156	300	250
506.jpg	65	45	117	97	150	150
1160.jpg	234	44	282	92	350	262
509.jpg	120	92	216	188	350	393
512.jpg	59	73	92	106	170	170
513.jpg	32	32	58	58	112	111
515.jpg	80	12	107	39	200	181
520.jpg	34	37	63	66	112	112
521.jpg	57	38	92	73	200	196
522.jpg	164	123	246	205	350	445
523.jpg	126	169	156	199	300	300
524.jpg	30	37	58	65	100	99
528.jpg	42	39	84	81	148	148
534.jpg	106	77	174	145	350	440
535.jpg	19	42	49	72	100	100
909.jpg	51	148	149	246	350	350
537.jpg	69	185	207	323	300	429
538.jpg	91	93	188	190	288	385
1279.jpg	109	180	216	287	350	501
545.jpg	133	59	203	129	350	296
546.jpg	18	22	166	170	200	200
548.jpg	23	99	139	215	240	320
550.jpg	98	41	157	100	250	250
552.jpg	135	108	239	212	350	525
553.jpg	46	62	118	134	170	170
555.jpg	95	62	165	132	200	200
556.jpg	97	63	242	208	350	328
557.jpg	41	50	78	87	210	281
564.jpg	12	113	164	265	260	306
565.jpg	61	41	108	88	180	180
569.jpg	57	32	84	59	137	137
572.jpg	36	90	135	189	159	220
573.jpg	138	31	173	66	240	246
652.jpg	130	71	213	154	350	273
576.jpg	13	42	41	70	101	100
577.jpg	35	65	109	139	143	190
579.jpg	148	75	183	110	350	352
839.jpg	141	105	207	171	350	350
586.jpg	127	158	163	194	335	335
677.jpg	18	154	225	361	284	400
594.jpg	85	176	247	338	336	450
598.jpg	139	193	288	342	350	456
1034.jpg	150	64	215	129	350	349
603.jpg	61	73	122	134	197	277
1404.jpg	104	73	181	150	240	240
610.jpg	75	201	312	438	350	476
614.jpg	84	84	165	165	230	202
615.jpg	49	66	105	122	136	170
618.jpg	119	126	198	205	300	300
619.jpg	20	63	92	135	170	170
621.jpg	67	50	93	76	150	136
622.jpg	37	62	110	135	180	203
1328.jpg	24	220	265	461	350	499
631.jpg	190	88	252	150	350	350
633.jpg	20	61	84	125	200	199
635.jpg	25	25	55	55	128	128
636.jpg	132	117	196	181	350	350
640.jpg	114	152	266	304	350	482
641.jpg	119	64	170	115	340	425
644.jpg	14	46	72	104	120	190
645.jpg	87	77	139	129	250	333
647.jpg	82	183	142	243	350	409
659.jpg	48	38	77	67	118	118
661.jpg	39	21	80	62	150	147
665.jpg	19	81	92	154	300	300
668.jpg	77	97	158	178	319	400
1086.jpg	185	71	257	143	350	283
676.jpg	73	42	106	75	160	160
679.jpg	108	115	205	212	307	430
681.jpg	126	73	175	122	350	350
684.jpg	45	43	95	93	150	180
686.jpg	58	40	95	77	168	200
688.jpg	78	31	113	66	225	222
689.jpg	82	44	136	98	350	262
691.jpg	120	150	250	280	323	450
692.jpg	264	79	322	137	350	212
694.jpg	41	42	85	86	125	160
875.jpg	67	36	112	81	292	264
697.jpg	80	65	128	113	144	194
700.jpg	110	56	150	96	329	421
701.jpg	103	103	171	171	322	243
1431.jpg	47	65	91	109	150	150
708.jpg	140	148	238	246	350	350
711.jpg	70	70	107	107	150	150
713.jpg	174	147	223	196	350	344
714.jpg	191	63	243	115	350	345
720.jpg	26	116	54	144	200	200
721.jpg	38	69	229	260	300	300
726.jpg	33	117	111	195	240	240
731.jpg	186	63	245	122	350	346
732.jpg	92	103	138	149	209	293
952.jpg	54	102	134	182	200	256
734.jpg	102	58	161	117	250	240
735.jpg	64	28	112	76	260	250
740.jpg	115	125	213	223	350	350
741.jpg	69	52	150	133	175	175
743.jpg	253	113	309	169	350	235
746.jpg	72	71	100	99	134	170
752.jpg	53	41	101	89	200	201
753.jpg	110	68	171	129	320	253
756.jpg	79	48	156	125	250	170
930.jpg	92	80	128	116	227	204
765.jpg	64	37	91	64	150	150
766.jpg	108	61	186	139	350	262
767.jpg	49	98	118	167	165	220
768.jpg	14	30	59	75	100	100
1359.jpg	122	72	159	109	218	288
1061.jpg	103	65	185	147	350	326
777.jpg	71	43	138	110	225	225
780.jpg	115	99	212	196	350	284
782.jpg	44	43	110	109	140	167
784.jpg	24	37	77	90	107	167
788.jpg	106	64	176	134	350	350
790.jpg	38	31	69	62	160	144
1274.jpg	137	99	222	184	350	512
796.jpg	174	96	242	164	350	476
798.jpg	98	65	125	92	200	179
799.jpg	38	38	79	79	120	120
800.jpg	34	51	93	110	138	175
802.jpg	36	105	172	241	200	272
803.jpg	68	69	110	111	140	200
805.jpg	103	155	247	299	350	447
809.jpg	73	36	112	75	215	259
810.jpg	84	88	152	156	261	350
811.jpg	76	92	104	120	135	135
813.jpg	96	51	138	93	260	294
814.jpg	83	57	114	88	192	250
817.jpg	126	96	159	129	288	292
819.jpg	41	31	76	66	218	221
824.jpg	93	68	167	142	350	407
828.jpg	25	39	79	93	100	156
829.jpg	45	51	75	81	215	223
832.jpg	125	67	201	143	350	313
835.jpg	30	30	102	102	200	178
838.jpg	91	27	120	56	150	121
842.jpg	98	65	139	106	210	210
846.jpg	148	87	268	207	350	318
849.jpg	119	98	186	165	320	240
851.jpg	16	18	44	46	100	100
1101.jpg	62	44	114	96	292	294
858.jpg	33	38	73	78	122	122
860.jpg	53	28	80	55	200	200
861.jpg	174	70	224	120	350	216
862.jpg	99	149	168	218	286	400
863.jpg	238	22	267	51	350	173
868.jpg	229	105	260	136	350	260
869.jpg	98	131	149	182	262	400
871.jpg	110	91	138	119	250	255
872.jpg	123	102	244	223	350	312
873.jpg	46	67	122	143	176	250
876.jpg	11	23	39	51	100	100
879.jpg	33	93	87	147	200	200
882.jpg	36	133	123	220	180	264
887.jpg	113	51	154	92	350	233
890.jpg	41	67	137	163	261	285
891.jpg	53	31	83	61	172	171
892.jpg	95	34	163	102	221	221
893.jpg	70	87	135	152	350	214
898.jpg	85	175	228	318	350	431
899.jpg	29	51	61	83	146	222
902.jpg	103	155	231	283	350	350
903.jpg	34	176	108	250	200	316
904.jpg	24	25	58	59	100	152
905.jpg	68	28	106	66	150	201
910.jpg	53	34	85	66	170	170
912.jpg	128	123	242	237	350	316
914.jpg	36	38	88	90	210	200
915.jpg	73	39	102	68	170	170
917.jpg	37	87	106	156	250	250
918.jpg	22	127	50	155	200	281
920.jpg	39	71	67	99	200	200
921.jpg	26	74	70	118	120	143
922.jpg	79	55	127	103	168	167
931.jpg	127	112	154	139	170	170
932.jpg	30	86	70	126	200	200
933.jpg	33	67	62	96	200	195
936.jpg	110	52	147	89	200	180
940.jpg	21	78	63	120	163	163
941.jpg	25	16	53	44	106	167
942.jpg	69	26	124	81	200	297
943.jpg	52	31	87	66	178	235
947.jpg	45	50	73	78	118	175
954.jpg	104	78	155	129	236	292
1312.jpg	119	49	197	127	254	353
957.jpg	149	82	178	111	350	434
958.jpg	21	27	76	82	208	187
961.jpg	60	83	109	132	238	345
962.jpg	120	44	149	73	160	106
964.jpg	120	63	155	98	350	262
965.jpg	126	91	231	196	350	488
967.jpg	32	64	111	143	200	196
968.jpg	102	43	150	91	294	376
970.jpg	118	31	149	62	187	173
971.jpg	36	62	88	114	119	159
973.jpg	103	153	227	277	350	465
975.jpg	72	56	168	152	200	200
978.jpg	82	24	111	53	160	120
979.jpg	115	115	208	208	221	280
981.jpg	26	41	59	74	101	127
984.jpg	6	19	32	45	112	112
988.jpg	72	82	160	170	200	200
989.jpg	108	29	147	68	170	170
990.jpg	90	45	139	94	150	151
993.jpg	100	60	163	123	350	426
996.jpg	20	73	103	156	200	193
998.jpg	64	62	117	115	205	250
999.jpg	137	47	204	114	350	250
1000.jpg	120	46	150	76	200	198
1001.jpg	63	36	93	66	140	140
1002.jpg	111	102	174	165	225	222
1004.jpg	70	69	106	105	200	196
1008.jpg	72	118	201	247	258	300
1009.jpg	68	47	121	100	196	196
1010.jpg	147	91	244	188	350	350
1011.jpg	31	53	98	120	157	226
1012.jpg	168	66	203	101	350	417
1013.jpg	148	70	189	111	350	344
1064.jpg	136	98	275	237	350	262
1015.jpg	210	53	277	120	350	262
1016.jpg	269	48	331	110	350	231
1019.jpg	128	34	175	81	200	150
1020.jpg	119	27	148	56	192	150
1021.jpg	176	38	207	69	350	231
1395.jpg	61	59	131	129	350	350
1026.jpg	38	69	115	146	350	398
1028.jpg	45	90	154	199	189	216
1258.jpg	186	128	243	185	350	525
1139.jpg	92	191	263	362	350	525
1032.jpg	33	78	160	205	200	317
1033.jpg	62	58	121	117	160	160
1036.jpg	45	25	76	56	112	150
1450.jpg	168	157	254	243	350	346
1041.jpg	102	75	203	176	350	340
1042.jpg	147	104	186	143	350	350
1048.jpg	82	75	168	161	350	233
1051.jpg	75	214	106	245	162	300
1055.jpg	62	69	183	190	350	429
1056.jpg	98	54	135	91	237	300
1058.jpg	57	93	114	150	170	240
1059.jpg	266	51	307	92	350	237
1062.jpg	163	101	232	170	350	443
1063.jpg	124	39	155	70	200	200
1065.jpg	117	126	222	231	350	477
1066.jpg	50	25	88	63	152	162
1068.jpg	98	90	200	192	303	400
1070.jpg	28	52	86	110	150	198
1071.jpg	41	75	68	102	180	180
1072.jpg	119	130	246	257	350	464
1074.jpg	128	77	217	166	350	350
1075.jpg	127	86	223	182	350	245
1078.jpg	91	45	134	88	200	280
1081.jpg	100	48	128	76	225	225
1082.jpg	131	170	217	256	350	477
1358.jpg	110	124	246	260	350	477
1085.jpg	69	73	96	100	170	170
1088.jpg	186	96	271	181	350	436
1089.jpg	68	58	108	98	350	262
1093.jpg	221	34	268	81	350	251
1094.jpg	83	51	149	117	300	267
1095.jpg	145	45	202	102	350	205
1096.jpg	13	40	53	80	100	101
1100.jpg	86	91	160	165	245	299
1105.jpg	133	107	208	182	350	350
1340.jpg	63	73	122	132	200	201
1108.jpg	94	159	184	249	350	412
1110.jpg	139	134	186	181	350	409
1111.jpg	39	98	93	152	130	182
1114.jpg	151	40	211	100	350	434
1115.jpg	92	74	163	145	200	199
1119.jpg	36	19	65	48	160	120
1124.jpg	59	89	141	171	350	298
1125.jpg	96	108	254	266	350	330
1127.jpg	98	125	212	239	300	353
1131.jpg	54	31	91	68	170	170
1132.jpg	254	41	321	108	350	262
1135.jpg	135	85	200	150	350	350
1137.jpg	128	57	168	97	290	143
1141.jpg	45	61	121	137	214	190
1142.jpg	98	120	129	151	170	170
1144.jpg	71	171	170	270	329	450
1147.jpg	68	84	117	133	167	250
1151.jpg	65	56	131	122	173	225
1154.jpg	202	95	301	194	350	262
1363.jpg	103	149	222	268	350	477
1167.jpg	108	91	232	215	350	350
1169.jpg	8	278	70	340	350	477
1172.jpg	267	245	296	274	350	350
1174.jpg	126	49	170	93	248	300
1177.jpg	152	76	240	164	350	499
1178.jpg	61	73	208	220	350	262
1180.jpg	120	57	172	109	300	383
1184.jpg	281	173	308	200	350	459
1185.jpg	38	31	66	59	150	153
1187.jpg	159	35	199	75	300	323
1189.jpg	116	29	157	70	300	300
1191.jpg	140	118	247	225	350	434
1192.jpg	219	127	267	175	350	350
1193.jpg	55	154	196	295	350	509
1194.jpg	120	83	232	195	350	389
1197.jpg	83	143	224	284	350	350
1198.jpg	149	101	224	176	350	531
1201.jpg	53	85	151	183	220	300
1203.jpg	40	70	108	138	170	170
1207.jpg	170	48	218	96	350	249
1213.jpg	266	36	312	82	350	262
1215.jpg	64	62	90	88	105	150
1217.jpg	85	37	127	79	198	250
1219.jpg	62	32	93	63	145	144
1222.jpg	172	60	236	124	350	252
1228.jpg	115	141	225	251	350	442
1229.jpg	152	107	199	154	215	215
1231.jpg	93	66	209	182	350	262
1372.jpg	174	54	226	106	350	240
1239.jpg	135	58	197	120	350	496
1240.jpg	120	31	148	59	215	215
1243.jpg	146	114	187	155	350	350
1245.jpg	81	134	235	288	350	471
1247.jpg	175	153	217	195	350	497
1253.jpg	121	63	154	96	300	300
1255.jpg	50	129	187	266	350	500
1456.jpg	199	71	284	156	350	262
1257.jpg	62	41	98	77	144	160
1259.jpg	10	119	117	226	300	300
1260.jpg	197	50	240	93	350	350
1353.jpg	135	35	188	88	350	350
1263.jpg	120	34	171	85	350	316
1265.jpg	190	34	243	87	350	262
1267.jpg	50	38	89	77	197	240
1268.jpg	32	75	121	164	350	350
1271.jpg	142	112	202	172	350	438
1272.jpg	145	67	237	159	314	250
1275.jpg	107	33	149	75	281	355
1276.jpg	150	83	201	134	350	337
1278.jpg	107	60	182	135	350	517
1282.jpg	174	175	210	211	300	297
1286.jpg	78	72	155	149	285	425
1289.jpg	175	47	204	76	280	210
1291.jpg	54	87	96	129	180	259
1295.jpg	136	46	182	92	350	342
1296.jpg	46	49	73	76	125	135
1297.jpg	54	58	124	128	350	262
1299.jpg	61	35	89	63	150	217
1301.jpg	186	118	238	170	350	319
1302.jpg	37	27	67	57	100	100
1303.jpg	12	35	53	76	163	203
1305.jpg	184	116	236	168	350	319
1306.jpg	81	69	115	103	175	180
1307.jpg	157	9	228	80	350	441
1308.jpg	54	108	164	218	229	321
1309.jpg	71	17	104	50	176	176
1315.jpg	123	61	203	141	312	233
1319.jpg	143	153	192	202	350	349
1324.jpg	42	112	211	281	350	441
1325.jpg	36	82	93	139	154	194
1331.jpg	56	189	235	368	350	422
1337.jpg	167	42	211	86	350	280
1338.jpg	128	86	192	150	250	257
1339.jpg	89	89	127	127	228	340
1342.jpg	93	78	177	162	350	262
1345.jpg	163	49	205	91	350	352
1348.jpg	164	44	213	93	350	263
1349.jpg	66	145	226	305	350	514
1350.jpg	199	46	245	92	350	350
1351.jpg	94	57	129	92	200	200
1354.jpg	153	44	182	73	350	188
1355.jpg	105	59	204	158	350	489
1360.jpg	76	28	111	63	200	200
1361.jpg	59	53	100	94	140	140
1367.jpg	115	84	188	157	350	466
1370.jpg	74	77	102	105	180	180
1375.jpg	25	75	90	140	200	195
1379.jpg	66	123	136	193	350	262
1384.jpg	84	134	180	230	350	385
1385.jpg	71	89	158	176	196	278
1386.jpg	126	132	284	290	299	450
1388.jpg	118	78	182	142	350	490
1389.jpg	57	91	159	193	246	345
1390.jpg	28	20	59	51	141	142
1393.jpg	49	112	163	226	200	256
1398.jpg	59	36	102	79	150	127
1402.jpg	90	49	156	115	300	300
1407.jpg	164	96	259	191	350	280
1408.jpg	46	29	89	72	149	160
1409.jpg	122	39	169	86	350	252
1411.jpg	122	99	235	212	338	450
1412.jpg	75	45	115	85	208	229
1413.jpg	47	20	74	47	150	150
1414.jpg	154	83	201	130	350	354
1416.jpg	56	97	156	197	188	259
1417.jpg	91	135	228	272	350	451
1421.jpg	102	160	235	293	350	350
1424.jpg	32	101	89	158	185	250
1426.jpg	83	125	151	193	350	486
1427.jpg	96	61	151	116	350	427
1434.jpg	155	83	190	118	350	349
1437.jpg	119	90	230	201	350	460
1439.jpg	54	15	89	50	198	144
1443.jpg	141	180	238	277	350	471
1445.jpg	111	136	200	225	350	422
1447.jpg	148	136	175	163	350	490
1448.jpg	83	87	168	172	350	433
1454.jpg	63	80	281	298	350	381
1455.jpg	180	65	214	99	300	300
1458.jpg	117	89	175	147	350	436
1461.jpg	232	35	283	86	350	350
1463.jpg	180	111	268	199	350	262
1464.jpg	60	40	92	72	154	217
1468.jpg	77	78	168	169	350	472
1470.jpg	138	118	240	220	350	350
1474.jpg	21	26	54	59	150	113
1477.jpg	37	91	77	131	350	460
1478.jpg	27	35	64	72	130	190
1479.jpg	82	47	135	100	240	240
1480.jpg	156	71	226	141	350	458
1482.jpg	150	140	203	193	350	316
