0.jpg	81	20	138	77	240	195
1.jpg	61	44	137	120	220	165
24.jpg	87	90	221	224	298	377
3.jpg	72	49	130	107	195	155
4.jpg	65	87	138	160	202	300
12.jpg	124	85	215	176	350	368
6.jpg	78	60	173	155	180	190
184.jpg	146	81	260	195	350	492
8.jpg	86	16	159	89	220	137
157.jpg	163	76	233	146	350	293
151.jpg	109	95	238	224	300	301
11.jpg	146	42	218	114	350	264
13.jpg	6	65	93	152	136	231
15.jpg	140	151	210	221	347	500
90.jpg	19	69	156	206	214	250
156.jpg	99	32	150	83	300	300
18.jpg	151	76	198	123	350	241
19.jpg	86	127	215	256	304	450
95.jpg	18	75	119	176	173	250
91.jpg	82	124	273	315	348	450
44.jpg	55	110	219	274	300	416
88.jpg	21	90	175	244	220	300
28.jpg	61	86	108	133	350	239
130.jpg	69	52	160	143	250	251
31.jpg	88	123	305	340	350	456
32.jpg	133	28	197	92	250	180
33.jpg	105	37	144	76	225	172
76.jpg	162	63	274	175	350	218
35.jpg	171	55	310	194	350	241
36.jpg	144	52	210	118	350	247
174.jpg	175	67	269	161	350	262
40.jpg	60	80	182	202	300	300
48.jpg	68	127	107	166	120	181
51.jpg	21	51	128	158	150	200
143.jpg	37	68	136	167	225	300
53.jpg	87	51	136	100	245	223
55.jpg	151	70	268	187	350	248
57.jpg	19	39	91	111	150	140
58.jpg	40	16	146	122	191	127
59.jpg	101	54	186	139	292	219
62.jpg	114	86	197	169	266	205
63.jpg	58	104	184	230	230	307
93.jpg	122	61	222	161	280	340
71.jpg	73	49	213	189	320	240
72.jpg	16	72	220	276	245	291
73.jpg	81	42	121	82	220	290
144.jpg	145	65	221	141	350	307
78.jpg	31	43	85	97	104	130
79.jpg	134	27	203	96	240	180
80.jpg	177	111	238	172	320	244
82.jpg	34	78	126	170	150	190
86.jpg	125	43	222	140	280	240
87.jpg	20	24	134	138	200	150
89.jpg	113	32	182	101	215	161
92.jpg	87	60	222	195	350	259
94.jpg	63	44	144	125	190	190
99.jpg	59	5	183	129	218	163
102.jpg	68	15	102	49	180	130
103.jpg	31	60	146	175	350	235
104.jpg	65	67	169	171	200	282
108.jpg	30	33	81	84	150	100
112.jpg	78	34	123	79	298	224
114.jpg	84	76	163	155	240	311
117.jpg	52	92	140	180	175	238
118.jpg	30	128	71	169	135	194
120.jpg	107	80	185	158	250	193
121.jpg	29	50	105	126	130	167
122.jpg	17	41	109	133	124	180
162.jpg	90	60	235	205	250	375
178.jpg	112	90	262	240	350	412
127.jpg	82	41	111	70	192	132
153.jpg	117	48	150	81	220	287
132.jpg	32	14	81	63	160	130
134.jpg	28	52	98	122	121	150
135.jpg	44	44	115	115	170	170
138.jpg	49	76	179	206	350	266
139.jpg	11	43	64	96	103	130
140.jpg	98	18	131	51	150	108
148.jpg	90	72	170	152	200	300
154.jpg	58	96	207	245	222	320
163.jpg	117	58	189	130	350	344
164.jpg	144	36	179	71	200	150
166.jpg	42	36	108	102	170	150
168.jpg	185	33	220	68	300	200
169.jpg	66	22	201	157	350	233
170.jpg	63	20	91	48	150	150
176.jpg	255	77	306	128	350	262
177.jpg	25	16	69	60	102	120
180.jpg	120	90	154	124	250	250
186.jpg	152	70	197	115	350	258
187.jpg	55	42	106	93	134	139
188.jpg	33	33	109	109	125	150
191.jpg	144	120	214	190	300	400
192.jpg	34	39	154	159	180	180
193.jpg	56	60	106	110	150	150
194.jpg	129	89	257	217	350	339
