315.jpg	75	68	192	185	250	275
411.jpg	47	146	278	377	350	460
3.jpg	57	35	85	63	138	170
6.jpg	73	83	133	143	208	212
7.jpg	29	49	123	143	150	190
8.jpg	145	50	205	110	350	247
9.jpg	139	109	201	171	350	333
237.jpg	114	132	278	296	350	442
13.jpg	170	68	256	154	350	341
14.jpg	131	62	183	114	350	298
15.jpg	97	22	134	59	234	156
17.jpg	115	33	149	67	350	233
19.jpg	35	87	87	139	172	173
21.jpg	112	42	170	100	277	284
482.jpg	88	95	224	231	350	446
380.jpg	44	131	192	279	350	500
43.jpg	158	101	269	212	350	247
27.jpg	17	42	255	280	350	406
28.jpg	67	49	101	83	350	276
29.jpg	137	53	210	126	333	420
30.jpg	158	66	208	116	350	245
33.jpg	47	95	99	147	150	150
37.jpg	110	60	163	113	283	393
39.jpg	49	51	96	98	125	125
40.jpg	73	140	198	265	350	525
41.jpg	100	21	142	63	210	164
42.jpg	30	36	82	88	101	128
165.jpg	152	93	260	201	350	471
110.jpg	99	73	229	203	300	300
47.jpg	48	114	101	167	227	300
48.jpg	153	82	223	152	291	255
53.jpg	100	117	199	216	280	300
190.jpg	86	72	162	148	350	484
55.jpg	134	29	200	95	307	235
56.jpg	142	179	222	259	300	300
57.jpg	78	146	298	366	350	449
58.jpg	91	97	124	130	232	215
61.jpg	34	40	104	110	232	138
63.jpg	122	32	177	87	350	230
64.jpg	115	32	152	69	160	160
260.jpg	110	93	193	176	276	345
68.jpg	113	77	220	184	330	274
69.jpg	64	26	98	60	200	128
70.jpg	98	74	138	114	300	262
72.jpg	67	208	157	298	350	494
73.jpg	11	57	99	145	172	194
426.jpg	130	121	269	260	350	362
76.jpg	87	57	158	128	230	289
77.jpg	116	44	177	105	350	497
78.jpg	46	25	80	59	120	120
80.jpg	118	74	221	177	350	437
83.jpg	99	61	208	170	285	214
84.jpg	97	76	127	106	230	257
87.jpg	87	89	133	135	250	328
89.jpg	67	112	150	195	248	378
438.jpg	224	59	264	99	350	358
94.jpg	159	75	215	131	350	234
99.jpg	126	34	203	111	300	372
100.jpg	32	73	82	123	140	217
106.jpg	120	114	254	248	350	446
107.jpg	46	41	93	88	350	264
112.jpg	163	54	228	119	350	196
115.jpg	25	35	80	90	116	147
129.jpg	73	59	155	141	250	167
317.jpg	147	50	199	102	350	255
118.jpg	116	145	229	258	350	455
122.jpg	145	55	235	145	350	244
124.jpg	75	61	164	150	228	282
125.jpg	29	49	84	104	119	127
126.jpg	98	32	128	62	145	175
332.jpg	87	71	158	142	350	233
131.jpg	56	51	107	102	110	110
132.jpg	98	118	295	315	350	442
133.jpg	121	76	157	112	350	342
140.jpg	19	6	85	72	138	103
142.jpg	118	59	232	173	350	246
320.jpg	137	64	236	163	350	246
145.jpg	55	60	93	98	150	180
146.jpg	74	79	169	174	321	298
147.jpg	115	45	161	91	260	365
151.jpg	107	23	135	51	175	131
152.jpg	16	34	50	68	112	112
153.jpg	57	59	85	87	152	180
155.jpg	61	24	89	52	244	183
156.jpg	47	35	76	64	119	150
157.jpg	23	83	93	153	300	236
160.jpg	99	42	145	88	220	165
161.jpg	135	66	204	135	309	206
162.jpg	115	80	145	110	250	175
168.jpg	16	44	70	98	113	140
367.jpg	42	76	106	140	248	300
171.jpg	96	33	127	64	350	253
173.jpg	28	65	101	138	275	196
175.jpg	152	50	192	90	350	241
471.jpg	3	38	54	89	350	227
181.jpg	29	91	132	194	316	310
182.jpg	3	253	73	323	298	372
184.jpg	72	36	118	82	225	179
185.jpg	116	57	248	189	350	495
414.jpg	136	144	234	242	350	479
191.jpg	161	74	243	156	350	242
193.jpg	181	66	216	101	350	233
195.jpg	68	96	146	174	210	210
197.jpg	108	68	175	135	350	206
201.jpg	95	96	288	289	304	450
203.jpg	185	64	239	118	320	312
204.jpg	91	62	155	126	200	214
205.jpg	55	38	107	90	190	146
208.jpg	136	87	169	120	330	229
210.jpg	36	89	77	130	230	298
211.jpg	121	88	170	137	300	228
213.jpg	54	44	84	74	120	120
216.jpg	55	51	132	128	203	152
217.jpg	49	156	190	297	242	433
218.jpg	67	13	255	201	350	228
219.jpg	66	102	216	252	350	333
220.jpg	72	37	110	75	195	185
221.jpg	98	56	158	116	300	358
222.jpg	51	73	152	174	190	238
224.jpg	127	22	156	51	200	150
226.jpg	8	39	57	88	145	145
228.jpg	39	18	149	128	270	180
229.jpg	58	80	88	110	145	175
363.jpg	88	76	197	185	292	390
232.jpg	144	68	198	122	350	250
233.jpg	148	62	197	111	350	267
234.jpg	87	207	128	248	338	450
235.jpg	61	28	90	57	285	130
236.jpg	196	52	243	99	350	445
238.jpg	50	111	296	357	350	442
239.jpg	206	66	279	139	350	237
245.jpg	63	30	105	72	152	225
246.jpg	30	40	73	83	100	125
247.jpg	216	429	301	514	350	590
249.jpg	119	45	291	217	311	280
251.jpg	109	61	181	133	285	349
253.jpg	113	141	183	211	274	400
421.jpg	124	82	164	122	350	301
255.jpg	80	43	148	111	200	146
257.jpg	97	37	139	79	200	197
261.jpg	114	46	155	87	250	323
262.jpg	229	126	286	183	350	256
263.jpg	63	50	92	79	160	152
264.jpg	39	41	76	78	139	180
268.jpg	52	126	257	331	312	450
269.jpg	48	97	192	241	316	396
270.jpg	105	41	156	92	220	168
272.jpg	51	69	126	144	150	190
273.jpg	108	78	177	147	350	247
276.jpg	149	43	193	87	345	228
277.jpg	269	21	299	51	350	175
278.jpg	101	98	205	202	249	299
279.jpg	153	101	283	231	350	290
282.jpg	23	16	51	44	120	135
283.jpg	44	25	83	64	120	120
284.jpg	106	84	137	115	250	280
285.jpg	128	97	180	149	293	404
288.jpg	149	78	264	193	350	260
346.jpg	140	131	210	201	350	299
292.jpg	42	71	142	171	200	297
293.jpg	97	37	125	65	170	146
294.jpg	31	22	61	52	119	159
296.jpg	60	76	130	146	154	240
297.jpg	53	58	182	187	285	214
299.jpg	207	67	240	100	350	223
483.jpg	25	106	229	310	350	447
302.jpg	46	91	203	248	300	300
304.jpg	6	56	63	113	246	148
305.jpg	139	87	221	169	350	432
307.jpg	91	44	124	77	160	120
308.jpg	40	49	112	121	190	179
417.jpg	80	70	143	133	280	224
310.jpg	159	54	195	90	350	298
312.jpg	90	71	165	146	210	300
316.jpg	89	120	202	233	350	350
318.jpg	144	116	221	193	350	467
319.jpg	126	53	214	141	350	262
321.jpg	19	128	87	196	220	278
501.jpg	105	93	176	164	350	516
324.jpg	65	26	95	56	200	237
326.jpg	40	33	80	73	130	130
328.jpg	6	13	82	89	100	100
329.jpg	94	64	122	92	150	113
331.jpg	146	34	233	121	350	269
334.jpg	81	33	138	90	170	113
336.jpg	39	26	84	71	130	122
339.jpg	29	31	102	104	250	150
340.jpg	56	38	116	98	158	200
342.jpg	102	51	134	83	225	225
344.jpg	74	37	133	96	200	247
345.jpg	113	44	170	101	350	223
347.jpg	29	59	116	146	200	237
349.jpg	158	80	193	115	350	279
350.jpg	59	36	150	127	222	167
352.jpg	20	336	80	396	350	472
353.jpg	130	77	189	136	298	400
354.jpg	62	27	97	62	180	180
356.jpg	89	50	217	178	271	237
360.jpg	126	27	208	109	310	234
361.jpg	48	16	72	40	125	125
365.jpg	40	34	68	62	242	231
366.jpg	130	87	212	169	350	444
369.jpg	29	3	114	88	200	120
370.jpg	126	242	224	340	350	525
372.jpg	58	43	105	90	220	146
374.jpg	162	55	215	108	350	236
377.jpg	148	118	191	161	350	391
379.jpg	75	29	103	57	180	243
381.jpg	129	79	193	143	350	521
383.jpg	154	25	199	70	350	233
385.jpg	128	177	197	246	345	368
386.jpg	158	34	233	109	350	219
387.jpg	97	63	151	117	350	223
390.jpg	156	121	264	229	350	472
391.jpg	100	91	180	171	350	447
394.jpg	74	77	114	117	190	246
396.jpg	99	130	175	206	350	354
399.jpg	118	130	236	248	300	416
402.jpg	98	146	155	203	350	342
406.jpg	200	185	249	234	350	437
407.jpg	171	37	213	79	350	371
408.jpg	38	45	73	80	116	150
410.jpg	35	91	209	265	250	287
412.jpg	141	64	249	172	350	266
499.jpg	106	112	265	271	350	429
418.jpg	120	113	231	224	350	330
419.jpg	49	50	110	111	150	199
425.jpg	255	153	314	212	350	268
429.jpg	71	65	150	144	303	258
430.jpg	0	74	49	123	325	251
434.jpg	216	154	279	217	350	261
481.jpg	301	211	343	253	350	350
439.jpg	199	125	269	195	350	273
440.jpg	105	42	151	88	200	147
441.jpg	122	86	212	176	350	356
442.jpg	123	123	212	212	350	350
445.jpg	119	66	223	170	350	298
459.jpg	78	109	219	250	350	311
447.jpg	97	108	273	284	350	470
448.jpg	105	214	301	410	350	531
450.jpg	195	50	237	92	350	311
453.jpg	43	42	94	93	150	225
516.jpg	132	75	175	118	350	433
458.jpg	77	86	131	140	225	225
460.jpg	162	51	198	87	350	292
461.jpg	212	125	283	196	350	454
462.jpg	161	52	214	105	350	407
467.jpg	113	108	230	225	350	405
476.jpg	24	94	196	266	300	350
477.jpg	5	5	143	143	150	150
480.jpg	82	78	229	225	320	240
484.jpg	38	40	79	81	159	225
488.jpg	44	37	82	75	120	156
490.jpg	103	33	152	82	200	140
491.jpg	237	78	278	119	350	237
492.jpg	99	121	240	262	350	417
494.jpg	42	34	95	87	150	184
495.jpg	55	161	118	224	295	400
500.jpg	169	83	233	147	350	240
502.jpg	184	53	241	110	350	261
503.jpg	117	310	209	402	350	749
507.jpg	161	57	196	92	350	301
508.jpg	146	197	206	257	350	483
509.jpg	108	22	261	175	350	224
510.jpg	107	184	266	343	350	514
514.jpg	100	114	257	271	350	473
517.jpg	130	180	279	329	350	476
518.jpg	163	103	219	159	350	349
