0.jpg	111	27	173	89	350	470
1.jpg	239	46	274	81	313	226
2.jpg	44	38	82	76	250	164
216.jpg	149	105	268	224	336	475
4.jpg	60	54	90	84	130	182
5.jpg	71	28	130	87	200	240
6.jpg	62	113	90	141	180	263
50.jpg	139	99	249	209	300	429
8.jpg	81	31	136	86	350	234
252.jpg	21	65	65	109	180	253
201.jpg	61	54	127	120	180	232
11.jpg	94	17	154	77	190	111
12.jpg	38	40	95	97	128	160
14.jpg	41	30	111	100	160	200
15.jpg	0	21	69	90	120	158
16.jpg	53	54	123	124	173	245
18.jpg	84	58	112	86	200	270
19.jpg	54	114	146	206	300	480
20.jpg	38	26	66	54	128	128
21.jpg	100	85	169	154	227	320
22.jpg	117	27	199	109	310	127
247.jpg	155	82	230	157	313	461
236.jpg	118	86	229	197	300	329
25.jpg	53	40	96	83	150	128
195.jpg	138	110	259	231	350	532
27.jpg	57	43	84	70	140	195
186.jpg	41	41	93	93	300	214
31.jpg	4	40	42	78	134	193
32.jpg	233	106	290	163	350	204
33.jpg	120	253	167	300	350	517
68.jpg	62	57	101	96	138	200
35.jpg	48	8	96	56	100	100
36.jpg	58	142	172	256	339	425
37.jpg	50	27	90	67	287	165
38.jpg	205	318	319	432	350	478
300.jpg	223	184	270	231	350	472
40.jpg	42	95	135	188	298	388
41.jpg	113	107	235	229	350	433
43.jpg	90	70	157	137	239	300
44.jpg	193	70	223	100	300	225
99.jpg	80	93	157	170	220	293
46.jpg	56	135	191	270	262	400
47.jpg	112	92	213	193	252	285
207.jpg	125	171	209	255	335	475
49.jpg	70	44	113	87	166	213
51.jpg	8	39	87	118	135	195
52.jpg	150	19	209	78	350	239
53.jpg	78	25	121	68	139	160
54.jpg	48	30	145	127	218	150
55.jpg	32	27	61	56	150	210
56.jpg	43	47	89	93	223	270
58.jpg	162	96	243	177	350	350
59.jpg	38	31	79	72	134	189
60.jpg	73	25	104	56	150	131
61.jpg	55	37	102	84	150	100
62.jpg	86	38	133	85	170	227
63.jpg	52	139	241	328	350	435
64.jpg	20	48	64	92	130	208
65.jpg	134	99	311	276	350	504
66.jpg	90	129	203	242	238	375
293.jpg	229	28	284	83	350	224
70.jpg	131	75	235	179	350	261
72.jpg	44	35	90	81	120	150
106.jpg	209	32	281	104	350	262
75.jpg	12	84	88	160	228	227
77.jpg	109	82	236	209	350	254
79.jpg	109	73	190	154	350	339
150.jpg	145	55	232	142	320	231
81.jpg	47	106	147	206	327	475
82.jpg	37	41	70	74	120	181
83.jpg	127	185	203	261	280	475
85.jpg	97	48	128	79	202	175
86.jpg	20	30	105	115	150	250
310.jpg	141	266	209	334	350	494
88.jpg	79	74	126	121	350	350
262.jpg	120	191	238	309	350	497
90.jpg	80	159	286	365	350	521
316.jpg	114	112	223	221	350	526
92.jpg	3	404	44	445	308	462
93.jpg	66	109	92	135	150	214
94.jpg	48	114	161	227	335	350
95.jpg	160	172	235	247	350	475
96.jpg	131	96	215	180	300	350
98.jpg	61	31	88	58	124	157
184.jpg	117	203	234	320	350	554
101.jpg	53	50	115	112	245	350
102.jpg	73	170	168	265	300	549
103.jpg	117	104	172	159	240	358
105.jpg	84	51	146	113	233	200
107.jpg	58	53	90	85	150	210
108.jpg	159	34	211	86	350	267
109.jpg	33	36	78	81	146	106
110.jpg	32	118	60	146	146	200
111.jpg	75	90	173	188	350	489
112.jpg	61	42	85	66	150	202
114.jpg	117	84	222	189	320	417
115.jpg	63	31	100	68	120	120
116.jpg	234	51	315	132	350	262
118.jpg	107	104	218	215	350	350
119.jpg	41	56	117	132	153	153
120.jpg	54	26	84	56	140	143
122.jpg	46	24	96	74	138	175
149.jpg	160	130	246	216	350	332
124.jpg	206	143	238	175	285	418
126.jpg	54	49	104	99	165	120
127.jpg	207	51	237	81	350	309
128.jpg	151	97	218	164	350	262
129.jpg	62	48	94	80	191	250
131.jpg	18	54	90	126	150	178
132.jpg	86	32	118	64	200	154
137.jpg	27	52	101	126	250	250
138.jpg	158	96	193	131	350	250
246.jpg	104	86	203	185	350	417
141.jpg	131	74	198	141	350	262
142.jpg	179	74	232	127	300	250
144.jpg	11	27	73	89	120	168
145.jpg	57	82	121	146	250	250
147.jpg	85	55	132	102	143	226
148.jpg	162	98	268	204	350	494
151.jpg	161	47	310	196	338	475
155.jpg	92	52	163	123	250	375
157.jpg	46	34	111	99	176	150
159.jpg	87	32	114	59	187	140
160.jpg	116	102	256	242	333	500
162.jpg	106	173	285	352	350	476
163.jpg	44	94	72	122	120	177
165.jpg	71	16	100	45	160	105
167.jpg	78	82	162	166	200	288
168.jpg	47	48	123	124	200	200
169.jpg	10	48	76	114	136	200
171.jpg	60	34	90	64	150	112
172.jpg	28	27	118	117	178	144
224.jpg	111	108	198	195	308	382
174.jpg	44	62	109	127	128	166
271.jpg	135	380	222	467	350	768
176.jpg	139	106	193	160	350	495
272.jpg	91	110	176	195	350	521
180.jpg	61	17	150	106	210	290
181.jpg	106	118	198	210	350	447
182.jpg	120	82	239	201	350	350
183.jpg	100	45	154	99	350	350
185.jpg	52	45	89	82	280	200
187.jpg	216	37	247	68	300	194
190.jpg	32	52	104	124	150	150
337.jpg	62	90	168	196	226	300
192.jpg	129	180	192	243	196	299
193.jpg	18	36	46	64	114	170
194.jpg	116	66	201	151	303	342
196.jpg	60	49	113	102	173	226
197.jpg	150	54	180	84	300	201
200.jpg	180	115	248	183	350	350
204.jpg	27	58	55	86	109	154
205.jpg	137	64	202	129	300	429
209.jpg	154	70	199	115	350	232
210.jpg	33	39	68	74	119	167
211.jpg	35	138	159	262	314	420
323.jpg	28	48	88	108	104	156
214.jpg	18	39	66	87	100	100
218.jpg	110	20	220	130	228	227
220.jpg	100	19	130	49	163	160
221.jpg	26	59	96	129	125	159
223.jpg	125	79	186	140	350	609
225.jpg	102	25	136	59	250	384
226.jpg	63	108	90	135	140	200
227.jpg	67	57	101	91	250	250
228.jpg	35	43	65	73	150	214
229.jpg	199	65	263	129	350	225
232.jpg	6	44	58	96	116	150
332.jpg	143	61	279	197	350	339
238.jpg	81	101	192	212	300	408
239.jpg	46	84	74	112	125	176
240.jpg	52	111	159	218	350	498
241.jpg	90	129	144	183	229	320
242.jpg	119	41	160	82	200	150
244.jpg	24	31	68	75	100	135
245.jpg	135	97	243	205	350	404
248.jpg	31	68	117	154	150	197
249.jpg	154	68	228	142	350	437
251.jpg	41	57	77	93	200	280
289.jpg	74	49	142	117	200	377
255.jpg	22	138	163	279	350	452
256.jpg	196	45	249	98	350	327
257.jpg	56	112	184	240	350	521
258.jpg	93	29	151	87	222	154
260.jpg	66	33	95	62	134	170
261.jpg	166	41	205	80	350	271
263.jpg	175	22	199	46	350	262
264.jpg	24	58	92	126	117	160
295.jpg	57	25	95	63	200	296
268.jpg	79	38	115	74	173	243
269.jpg	201	118	231	148	300	300
270.jpg	112	85	183	156	319	500
273.jpg	13	32	71	90	117	178
274.jpg	69	60	128	119	195	308
275.jpg	136	110	195	169	348	500
276.jpg	143	46	195	98	350	232
277.jpg	54	57	82	85	120	160
278.jpg	134	78	221	165	350	396
279.jpg	167	62	237	132	350	525
280.jpg	171	107	228	164	350	262
281.jpg	99	126	237	264	309	400
282.jpg	68	56	92	80	200	150
283.jpg	163	97	213	147	350	262
285.jpg	200	41	226	67	350	262
286.jpg	59	102	195	238	350	433
287.jpg	74	73	192	191	350	468
288.jpg	42	20	69	47	150	216
290.jpg	175	21	199	45	350	262
291.jpg	180	77	273	170	350	262
292.jpg	110	143	220	253	350	466
294.jpg	45	50	121	126	180	161
296.jpg	31	54	74	97	150	150
297.jpg	215	168	272	225	350	470
299.jpg	233	95	304	166	350	530
301.jpg	23	61	148	186	203	192
302.jpg	118	66	147	95	350	519
303.jpg	176	109	226	159	329	350
304.jpg	85	51	154	120	216	188
306.jpg	75	53	208	186	282	400
307.jpg	88	23	118	53	135	185
308.jpg	60	29	96	65	200	200
309.jpg	90	77	200	187	250	375
311.jpg	35	14	59	38	125	177
312.jpg	124	86	219	181	350	433
313.jpg	83	33	111	61	200	147
314.jpg	91	83	198	190	350	477
319.jpg	65	44	100	79	180	240
320.jpg	83	27	110	54	150	116
321.jpg	27	61	136	170	350	262
322.jpg	90	35	135	80	300	429
324.jpg	148	78	221	151	350	326
325.jpg	121	105	210	194	350	466
326.jpg	30	15	70	55	100	100
327.jpg	38	45	93	100	140	136
328.jpg	116	80	152	116	350	262
329.jpg	35	43	64	72	132	200
330.jpg	35	30	66	61	200	134
334.jpg	159	96	251	188	350	524
335.jpg	100	29	129	58	200	178
336.jpg	109	71	182	144	350	347
338.jpg	101	24	130	53	195	133
341.jpg	237	62	283	108	350	262
342.jpg	21	35	48	62	117	178
