0.jpg	100	21	229	150	260	173
1.jpg	69	115	185	231	244	334
2.jpg	95	46	230	181	350	262
3.jpg	140	36	182	78	350	233
4.jpg	79	25	110	56	194	143
5.jpg	102	77	174	149	350	239
6.jpg	41	37	92	88	200	146
7.jpg	16	68	69	121	180	149
347.jpg	86	138	247	299	350	477
208.jpg	183	78	262	157	350	358
10.jpg	182	81	256	155	350	257
11.jpg	107	59	231	183	300	234
184.jpg	198	49	293	144	350	175
13.jpg	31	41	76	86	100	100
300.jpg	21	32	92	103	135	205
16.jpg	88	154	221	287	350	514
290.jpg	69	139	217	287	350	415
19.jpg	49	66	137	154	290	180
20.jpg	34	73	126	165	150	220
242.jpg	165	78	246	159	350	244
22.jpg	82	40	135	93	200	110
25.jpg	138	88	206	156	350	438
26.jpg	119	40	181	102	350	337
27.jpg	155	93	213	151	350	256
28.jpg	170	74	237	141	319	252
29.jpg	110	119	162	171	213	300
31.jpg	52	47	106	101	203	152
177.jpg	126	112	206	192	343	450
34.jpg	33	88	122	177	161	250
37.jpg	95	38	208	151	270	178
130.jpg	80	113	224	257	350	409
39.jpg	47	31	87	71	150	120
40.jpg	51	35	124	108	200	150
112.jpg	191	70	288	167	350	273
262.jpg	216	68	297	149	350	192
43.jpg	142	47	210	115	270	180
46.jpg	93	79	125	111	180	180
109.jpg	118	83	173	138	280	360
48.jpg	65	88	211	234	243	335
129.jpg	47	77	133	163	174	212
51.jpg	41	26	146	131	200	150
162.jpg	127	84	226	183	350	350
55.jpg	98	38	138	78	224	168
56.jpg	154	44	232	122	350	262
57.jpg	155	50	195	90	350	262
83.jpg	26	61	92	127	155	200
60.jpg	26	40	80	94	150	205
61.jpg	128	47	168	87	256	144
63.jpg	157	55	281	179	350	241
65.jpg	58	102	177	221	200	280
66.jpg	119	31	146	58	250	170
67.jpg	91	27	151	87	350	166
68.jpg	117	118	219	220	350	350
266.jpg	227	119	291	183	350	314
70.jpg	40	41	73	74	180	180
103.jpg	152	74	199	121	350	253
260.jpg	121	105	227	211	350	300
74.jpg	37	70	131	164	202	200
75.jpg	72	62	130	120	330	244
76.jpg	113	56	182	125	350	263
79.jpg	48	48	80	80	232	164
82.jpg	82	89	188	195	350	262
85.jpg	99	83	194	178	350	262
87.jpg	11	34	117	140	203	152
88.jpg	107	22	140	55	250	167
90.jpg	32	24	66	58	107	107
91.jpg	65	74	128	137	200	239
93.jpg	124	37	174	87	180	181
94.jpg	45	34	74	63	160	120
95.jpg	59	10	89	40	140	100
96.jpg	101	69	212	180	330	244
97.jpg	27	37	89	99	123	180
99.jpg	30	27	96	93	184	150
100.jpg	152	44	210	102	350	237
101.jpg	44	46	126	128	203	150
105.jpg	34	31	86	83	120	110
108.jpg	73	43	112	82	350	166
111.jpg	207	126	271	190	330	244
113.jpg	54	39	117	102	203	152
115.jpg	41	47	87	93	120	160
116.jpg	152	89	217	154	350	233
117.jpg	28	40	75	87	189	120
119.jpg	79	61	132	114	170	240
120.jpg	102	32	134	64	194	143
121.jpg	80	50	143	113	336	345
123.jpg	13	26	122	135	190	143
125.jpg	113	74	215	176	350	257
340.jpg	44	111	297	364	350	557
128.jpg	76	75	211	210	330	244
131.jpg	74	30	107	63	150	130
135.jpg	169	52	237	120	350	262
137.jpg	96	41	148	93	300	200
139.jpg	155	53	206	104	300	300
140.jpg	149	51	227	129	350	211
142.jpg	84	69	187	172	314	266
143.jpg	127	87	217	177	350	245
145.jpg	154	95	212	153	350	220
147.jpg	85	48	141	104	256	144
150.jpg	197	141	255	199	350	262
153.jpg	67	56	94	83	255	202
253.jpg	37	70	138	171	200	237
155.jpg	81	31	119	69	230	229
157.jpg	123	86	210	173	298	405
161.jpg	118	97	188	167	318	320
164.jpg	62	45	116	99	166	194
165.jpg	47	40	117	110	226	170
166.jpg	79	32	109	62	194	143
167.jpg	63	88	145	170	203	220
168.jpg	73	42	133	102	200	133
171.jpg	108	90	224	206	350	260
172.jpg	77	55	266	244	350	454
174.jpg	155	93	257	195	350	263
175.jpg	45	6	148	109	194	143
176.jpg	192	12	263	83	350	123
178.jpg	77	52	155	130	249	166
179.jpg	33	31	91	89	146	160
183.jpg	44	37	75	68	194	143
185.jpg	56	39	136	119	200	150
186.jpg	63	102	187	226	250	346
187.jpg	74	58	120	104	203	152
190.jpg	171	51	217	97	236	176
197.jpg	116	62	170	116	350	175
198.jpg	87	28	118	59	192	180
200.jpg	269	63	309	103	350	231
205.jpg	40	98	137	195	350	234
209.jpg	24	48	57	81	194	143
213.jpg	59	48	120	109	200	197
214.jpg	65	45	142	122	270	209
220.jpg	82	71	200	189	243	281
221.jpg	178	79	239	140	320	256
222.jpg	83	41	128	86	203	152
224.jpg	17	42	44	69	200	150
225.jpg	85	72	138	125	350	166
227.jpg	100	85	171	156	350	261
229.jpg	69	10	100	41	176	208
230.jpg	209	68	274	133	350	239
231.jpg	50	59	88	97	200	150
232.jpg	38	27	66	55	105	150
233.jpg	138	79	212	153	350	232
236.jpg	45	46	88	89	199	149
237.jpg	58	52	94	88	194	143
239.jpg	57	28	146	117	203	152
240.jpg	69	40	111	82	330	260
241.jpg	39	29	84	74	134	102
244.jpg	18	21	54	57	100	100
341.jpg	122	81	195	154	350	450
246.jpg	43	55	151	163	299	199
248.jpg	117	60	191	134	316	236
249.jpg	162	62	229	129	350	232
250.jpg	36	17	116	97	176	120
251.jpg	48	73	116	141	172	223
252.jpg	94	62	182	150	250	197
254.jpg	44	38	92	86	155	111
255.jpg	81	77	154	150	250	239
257.jpg	128	67	188	127	350	261
258.jpg	19	59	83	123	166	230
259.jpg	53	42	125	114	174	129
263.jpg	59	42	95	78	194	143
264.jpg	71	124	190	243	260	320
350.jpg	59	56	112	109	350	233
267.jpg	105	28	138	61	350	154
268.jpg	149	38	185	74	300	275
269.jpg	52	22	79	49	150	109
272.jpg	115	89	201	175	330	244
275.jpg	63	31	107	75	180	130
276.jpg	29	74	109	154	185	185
277.jpg	82	22	111	51	150	149
280.jpg	28	150	125	247	214	300
281.jpg	86	29	120	63	180	138
305.jpg	69	103	140	174	350	420
294.jpg	87	25	143	81	231	100
295.jpg	137	55	176	94	180	180
296.jpg	159	53	202	96	350	233
299.jpg	49	48	91	90	350	261
301.jpg	117	43	156	82	180	180
303.jpg	35	19	101	85	146	109
304.jpg	62	70	132	140	228	171
306.jpg	58	45	100	87	175	148
308.jpg	92	120	254	282	350	496
311.jpg	141	35	183	77	320	216
312.jpg	265	104	320	159	342	400
314.jpg	23	15	53	45	150	100
315.jpg	183	55	249	121	350	233
316.jpg	148	69	199	120	350	222
317.jpg	155	57	233	135	350	245
318.jpg	80	46	110	76	250	183
321.jpg	80	92	186	198	350	263
326.jpg	14	35	101	122	150	150
328.jpg	127	165	218	256	320	451
329.jpg	50	67	121	138	350	247
332.jpg	53	33	101	81	150	112
334.jpg	110	59	170	119	290	200
336.jpg	126	70	221	165	350	219
338.jpg	74	85	272	283	350	394
339.jpg	71	51	142	122	250	166
344.jpg	84	144	247	307	350	458
345.jpg	76	63	150	137	272	204
348.jpg	69	42	137	110	203	240
349.jpg	130	82	227	179	350	239
