1342.jpg	61	117	216	272	350	471
81.jpg	96	45	145	94	350	298
2.jpg	161	92	262	193	350	267
3.jpg	45	120	242	317	350	501
638.jpg	12	143	235	366	350	502
5.jpg	12	49	63	100	100	140
6.jpg	78	19	110	51	250	162
7.jpg	143	73	191	121	350	478
1266.jpg	78	78	209	209	286	400
9.jpg	79	95	207	223	350	267
90.jpg	52	81	141	170	200	257
11.jpg	114	92	256	234	350	413
685.jpg	101	67	187	153	350	466
13.jpg	39	54	87	102	120	170
397.jpg	81	138	260	317	350	485
435.jpg	117	102	265	250	350	437
1096.jpg	60	184	238	362	350	508
17.jpg	44	33	75	64	100	100
105.jpg	185	58	291	164	350	262
1179.jpg	113	43	157	87	350	262
103.jpg	131	57	201	127	298	412
22.jpg	34	54	135	155	350	200
1170.jpg	152	82	236	166	350	514
24.jpg	44	64	135	155	176	257
820.jpg	95	131	256	292	331	398
26.jpg	185	32	249	96	350	510
1309.jpg	102	139	244	281	350	474
983.jpg	55	77	208	230	350	262
1240.jpg	83	121	184	222	350	485
30.jpg	21	23	49	51	120	160
562.jpg	98	65	170	137	285	400
32.jpg	16	13	67	64	100	100
532.jpg	98	111	194	207	350	287
34.jpg	63	59	113	109	171	240
110.jpg	90	177	254	341	350	469
1004.jpg	75	126	285	336	350	481
39.jpg	143	73	239	169	340	279
41.jpg	105	71	150	116	272	195
270.jpg	107	144	249	286	317	450
43.jpg	87	81	202	196	330	330
428.jpg	155	65	252	162	350	262
45.jpg	42	23	72	53	120	120
47.jpg	141	88	206	153	350	493
1043.jpg	134	91	230	187	350	262
49.jpg	82	114	217	249	322	480
631.jpg	90	120	206	236	350	358
54.jpg	52	41	84	73	132	200
56.jpg	148	192	324	368	350	488
1134.jpg	130	34	183	87	315	501
1408.jpg	74	82	221	229	308	378
381.jpg	191	39	232	80	350	233
369.jpg	77	121	195	239	225	327
61.jpg	77	97	209	229	266	400
63.jpg	55	25	86	56	150	112
1182.jpg	144	55	195	106	350	423
1343.jpg	118	79	213	174	350	544
437.jpg	112	109	268	265	336	473
1065.jpg	125	62	267	204	350	262
332.jpg	95	89	228	222	350	509
72.jpg	117	66	199	148	350	249
73.jpg	118	144	251	277	350	350
77.jpg	109	97	228	216	317	400
276.jpg	158	58	269	169	350	262
84.jpg	85	65	142	122	312	481
86.jpg	81	38	124	81	272	302
87.jpg	57	81	183	207	350	415
88.jpg	104	63	191	150	240	240
89.jpg	51	55	81	85	170	113
732.jpg	77	91	172	186	350	512
1282.jpg	95	150	181	236	350	465
93.jpg	90	56	129	95	210	300
551.jpg	77	82	255	260	350	443
96.jpg	64	79	145	160	337	500
1055.jpg	82	50	265	233	350	262
317.jpg	73	153	199	279	266	399
102.jpg	35	143	224	332	268	400
104.jpg	8	50	221	263	350	369
106.jpg	104	65	163	124	283	320
692.jpg	51	111	179	239	271	400
108.jpg	66	36	108	78	184	184
1091.jpg	99	172	240	313	350	368
179.jpg	211	42	276	107	350	472
113.jpg	198	82	288	172	350	485
713.jpg	122	109	261	248	350	477
117.jpg	116	56	168	108	208	156
879.jpg	146	64	196	114	350	231
362.jpg	123	92	220	189	350	464
122.jpg	26	49	73	96	113	170
124.jpg	150	45	207	102	350	390
440.jpg	78	139	239	300	350	525
127.jpg	100	68	209	177	256	320
128.jpg	96	107	162	173	283	350
129.jpg	0	34	64	98	159	220
1418.jpg	171	65	256	150	350	262
535.jpg	102	165	255	318	350	560
133.jpg	150	96	214	160	341	500
623.jpg	104	79	182	157	298	229
136.jpg	73	135	244	306	345	500
139.jpg	164	165	311	312	350	480
140.jpg	22	33	72	83	100	135
142.jpg	66	28	109	71	180	180
144.jpg	147	89	189	131	350	231
564.jpg	51	77	211	237	300	416
146.jpg	61	96	139	174	155	240
148.jpg	113	57	157	101	300	400
807.jpg	184	53	277	146	350	262
177.jpg	62	16	194	148	281	211
644.jpg	43	80	149	186	284	400
155.jpg	35	38	91	94	140	140
156.jpg	98	82	280	264	350	489
157.jpg	64	112	267	315	350	448
158.jpg	40	32	171	163	212	209
161.jpg	61	31	91	61	129	160
681.jpg	108	113	245	250	350	476
166.jpg	197	33	300	136	350	252
167.jpg	101	57	144	100	250	312
168.jpg	65	61	136	132	242	368
171.jpg	75	136	201	262	350	432
1092.jpg	88	110	142	164	276	400
174.jpg	105	132	246	273	350	448
976.jpg	113	115	219	221	350	421
178.jpg	53	98	162	207	250	350
180.jpg	117	106	259	248	350	465
181.jpg	189	101	261	173	350	456
1114.jpg	126	98	256	228	350	262
185.jpg	128	153	245	270	350	569
187.jpg	74	67	190	183	350	481
188.jpg	140	99	230	189	350	458
190.jpg	128	106	205	183	350	389
191.jpg	84	126	253	295	350	442
195.jpg	28	82	143	197	200	253
427.jpg	108	104	273	269	350	350
555.jpg	37	79	161	203	350	242
1281.jpg	32	150	277	395	350	453
1074.jpg	99	104	195	200	350	354
203.jpg	16	35	70	89	120	147
205.jpg	63	49	142	128	207	147
207.jpg	122	51	162	91	350	375
796.jpg	192	81	308	197	350	481
212.jpg	167	65	236	134	350	273
213.jpg	72	54	128	110	250	166
1297.jpg	102	130	219	247	328	411
1373.jpg	75	101	172	198	350	451
218.jpg	39	57	169	187	227	330
219.jpg	112	52	197	137	250	312
220.jpg	257	40	289	72	350	208
221.jpg	87	57	200	170	350	238
222.jpg	152	59	215	122	350	525
225.jpg	120	44	176	100	320	180
1227.jpg	77	219	273	415	350	482
228.jpg	21	159	191	329	350	518
229.jpg	90	96	213	219	326	472
231.jpg	78	59	131	112	250	376
1238.jpg	103	91	234	222	350	507
1058.jpg	91	111	242	262	350	437
430.jpg	92	75	169	152	350	492
236.jpg	59	63	101	105	216	270
626.jpg	169	41	212	84	350	233
239.jpg	39	51	85	97	150	150
243.jpg	112	51	199	138	332	428
244.jpg	108	155	231	278	350	423
245.jpg	170	49	232	111	350	262
246.jpg	62	96	173	207	249	368
248.jpg	109	93	209	193	350	363
249.jpg	128	98	196	166	350	560
252.jpg	101	87	217	203	300	360
253.jpg	115	115	289	289	350	408
256.jpg	35	92	128	185	200	240
258.jpg	111	33	219	141	350	255
259.jpg	94	56	176	138	350	255
260.jpg	39	33	89	83	128	160
262.jpg	85	56	166	137	250	235
263.jpg	34	51	80	97	120	170
265.jpg	54	188	281	415	350	525
798.jpg	149	66	205	122	350	466
267.jpg	211	105	281	175	300	300
268.jpg	113	104	176	167	299	450
271.jpg	113	39	188	114	281	211
1143.jpg	94	83	260	249	350	488
275.jpg	160	38	200	78	350	350
961.jpg	117	63	186	132	350	434
278.jpg	119	59	169	109	244	227
979.jpg	79	47	283	251	350	471
288.jpg	44	42	88	86	105	150
996.jpg	85	91	260	266	350	302
290.jpg	137	138	251	252	308	450
1068.jpg	147	82	249	184	350	466
293.jpg	58	50	110	102	150	180
296.jpg	115	99	221	205	300	300
297.jpg	50	14	77	41	127	170
804.jpg	110	24	188	102	350	541
302.jpg	93	118	186	211	350	388
304.jpg	32	19	58	45	105	150
305.jpg	42	52	146	156	180	240
915.jpg	51	48	126	123	180	262
307.jpg	116	67	175	126	350	295
1129.jpg	57	28	117	88	350	262
935.jpg	80	87	181	188	234	279
312.jpg	115	47	234	166	350	195
314.jpg	175	117	235	177	286	430
318.jpg	83	53	121	91	150	204
320.jpg	118	58	196	136	295	411
321.jpg	162	34	206	78	350	262
322.jpg	38	117	216	295	350	535
771.jpg	206	54	265	113	350	272
328.jpg	189	67	249	127	350	245
329.jpg	62	25	90	53	108	150
333.jpg	48	56	88	96	250	314
334.jpg	28	55	77	104	160	159
367.jpg	22	49	85	112	120	146
671.jpg	201	27	338	164	350	260
340.jpg	22	37	65	80	100	100
346.jpg	100	59	150	109	261	400
724.jpg	64	68	211	215	350	350
349.jpg	85	86	192	193	273	400
354.jpg	15	54	67	106	124	124
356.jpg	70	30	108	68	150	112
1016.jpg	153	63	221	131	350	471
364.jpg	85	95	198	208	290	425
1336.jpg	72	85	276	289	350	487
366.jpg	206	55	274	123	350	350
370.jpg	57	88	139	170	179	250
371.jpg	48	62	112	126	145	225
375.jpg	38	33	89	84	143	124
376.jpg	19	105	119	205	350	280
378.jpg	113	148	216	251	228	350
735.jpg	20	54	86	120	107	160
386.jpg	152	248	216	312	350	434
387.jpg	106	81	316	291	350	457
388.jpg	87	76	217	206	350	481
389.jpg	85	77	155	147	280	370
391.jpg	105	162	240	297	350	529
392.jpg	104	56	199	151	350	262
396.jpg	131	61	183	113	350	233
1248.jpg	128	82	201	155	350	487
400.jpg	103	123	180	200	300	420
660.jpg	239	91	308	160	350	510
406.jpg	170	74	236	140	350	468
407.jpg	47	158	231	342	350	438
408.jpg	52	34	91	73	150	214
409.jpg	137	36	237	136	350	262
538.jpg	226	83	308	165	350	497
413.jpg	132	139	247	254	350	436
414.jpg	47	34	76	63	126	170
419.jpg	42	31	97	86	140	105
421.jpg	53	32	88	67	200	305
422.jpg	132	102	246	216	350	429
528.jpg	77	96	174	193	263	304
425.jpg	79	65	220	206	314	400
1412.jpg	183	60	240	117	350	507
431.jpg	32	49	80	97	113	170
432.jpg	80	93	190	203	315	450
433.jpg	156	38	237	119	350	476
438.jpg	84	39	128	83	300	300
441.jpg	147	44	221	118	350	386
443.jpg	17	48	82	113	115	158
449.jpg	47	51	106	110	218	200
1193.jpg	131	59	206	134	350	481
455.jpg	51	130	208	287	323	400
458.jpg	59	56	127	124	278	293
459.jpg	84	90	170	176	319	450
460.jpg	43	64	238	259	350	444
464.jpg	238	37	319	118	350	262
465.jpg	231	2	336	107	350	525
616.jpg	212	90	305	183	350	262
469.jpg	142	67	244	169	350	506
470.jpg	132	29	208	105	350	296
471.jpg	32	12	63	43	110	125
837.jpg	171	91	246	166	350	503
473.jpg	75	54	117	96	150	180
474.jpg	88	113	269	294	350	528
475.jpg	41	28	68	55	110	129
478.jpg	100	47	151	98	250	167
479.jpg	105	18	145	58	205	300
480.jpg	29	27	61	59	100	100
482.jpg	131	180	294	343	350	537
484.jpg	73	85	173	185	200	243
486.jpg	100	38	225	163	350	231
487.jpg	108	75	154	121	342	358
488.jpg	54	94	258	298	280	350
491.jpg	153	70	196	113	350	438
492.jpg	68	76	160	168	235	235
494.jpg	205	38	251	84	347	256
495.jpg	58	18	88	48	120	167
498.jpg	51	93	157	199	240	268
499.jpg	129	111	210	192	350	422
504.jpg	138	50	218	130	350	496
506.jpg	72	132	213	273	320	478
508.jpg	37	47	95	105	120	173
509.jpg	46	16	219	189	350	233
510.jpg	33	27	89	83	150	117
511.jpg	95	86	188	179	320	201
512.jpg	132	29	196	93	350	429
513.jpg	73	73	148	148	225	294
518.jpg	154	37	192	75	300	240
523.jpg	68	102	179	213	350	291
525.jpg	200	79	289	168	350	273
527.jpg	121	88	210	177	350	482
533.jpg	142	60	209	127	350	262
536.jpg	143	87	280	224	350	465
545.jpg	29	50	57	78	100	100
547.jpg	24	43	59	78	110	110
846.jpg	161	52	212	103	350	369
1072.jpg	101	95	225	219	350	531
642.jpg	152	77	270	195	350	491
554.jpg	19	34	50	65	108	162
556.jpg	2	86	43	127	102	140
1084.jpg	59	147	236	324	350	463
559.jpg	92	47	141	96	180	240
560.jpg	71	146	197	272	328	450
731.jpg	187	94	289	196	350	619
568.jpg	110	87	193	170	325	390
1021.jpg	42	86	160	204	350	528
570.jpg	134	105	244	215	350	455
571.jpg	37	41	65	69	100	100
572.jpg	57	58	164	165	250	200
573.jpg	56	49	92	85	110	166
853.jpg	90	47	156	113	350	435
580.jpg	35	42	93	100	113	170
582.jpg	92	123	215	246	350	554
583.jpg	88	38	152	102	350	261
584.jpg	139	69	188	118	331	398
585.jpg	94	124	220	250	350	508
728.jpg	193	67	312	186	350	262
1372.jpg	51	101	144	194	350	500
594.jpg	88	36	249	197	350	262
596.jpg	137	98	192	153	350	504
597.jpg	140	70	190	120	350	401
598.jpg	118	46	228	156	350	399
600.jpg	74	67	134	127	350	327
602.jpg	78	158	232	312	350	478
604.jpg	174	71	246	143	350	525
605.jpg	77	121	257	301	350	434
606.jpg	95	55	154	114	300	253
608.jpg	75	126	209	260	272	400
1167.jpg	76	123	250	297	350	537
611.jpg	135	64	200	129	350	175
612.jpg	143	81	249	187	350	262
1038.jpg	124	42	187	105	350	488
617.jpg	144	57	195	108	350	409
618.jpg	91	13	120	42	150	113
619.jpg	171	85	218	132	350	373
1319.jpg	161	87	225	151	350	307
628.jpg	18	36	67	85	100	100
630.jpg	48	30	92	74	125	180
632.jpg	72	13	274	215	350	262
633.jpg	180	87	228	135	350	313
640.jpg	180	63	244	127	300	300
643.jpg	191	64	257	130	350	280
646.jpg	81	56	145	120	350	234
648.jpg	29	33	62	66	100	128
651.jpg	78	118	204	244	287	400
652.jpg	76	102	163	189	350	536
655.jpg	76	105	241	270	350	476
658.jpg	111	140	161	190	350	465
663.jpg	91	44	140	93	350	272
667.jpg	110	84	194	168	297	450
668.jpg	108	125	185	202	350	448
880.jpg	23	112	183	272	350	437
673.jpg	76	66	151	141	350	388
674.jpg	61	57	99	95	200	311
720.jpg	171	69	271	169	350	493
678.jpg	49	55	120	126	300	525
679.jpg	110	63	178	131	350	460
902.jpg	98	80	180	162	350	496
847.jpg	107	126	206	225	350	553
684.jpg	125	85	195	155	350	580
802.jpg	49	85	198	234	350	255
689.jpg	111	40	171	100	300	225
690.jpg	131	92	213	174	350	478
691.jpg	99	107	165	173	350	441
693.jpg	102	71	176	145	220	189
694.jpg	197	71	264	138	350	482
1025.jpg	204	61	279	136	350	258
696.jpg	141	64	206	129	350	318
698.jpg	60	75	128	143	350	440
701.jpg	128	81	210	163	350	507
702.jpg	60	67	132	139	215	161
703.jpg	140	94	235	189	350	438
705.jpg	75	70	149	144	250	261
708.jpg	100	48	226	174	350	398
711.jpg	93	92	207	206	350	262
715.jpg	15	143	176	304	350	451
717.jpg	136	87	193	144	350	495
719.jpg	95	102	162	169	350	260
1277.jpg	174	87	260	173	350	511
957.jpg	84	106	220	242	350	462
730.jpg	96	70	179	153	348	500
737.jpg	99	62	217	180	350	481
738.jpg	72	90	214	232	350	485
1047.jpg	77	4	291	218	350	280
741.jpg	159	72	232	145	350	470
743.jpg	116	120	236	240	350	595
746.jpg	16	41	76	101	100	131
760.jpg	146	60	227	141	350	517
750.jpg	92	121	288	317	350	434
751.jpg	57	88	169	200	262	347
871.jpg	114	85	227	198	350	392
754.jpg	96	86	211	201	350	352
758.jpg	140	47	184	91	350	210
766.jpg	131	85	244	198	350	262
767.jpg	148	74	219	145	350	329
770.jpg	160	92	284	216	350	465
773.jpg	73	35	111	73	200	301
774.jpg	61	178	252	369	350	396
778.jpg	135	55	178	98	350	378
779.jpg	127	71	276	220	350	345
780.jpg	139	34	181	76	315	339
783.jpg	46	13	75	42	179	134
784.jpg	87	72	174	159	247	450
787.jpg	174	78	248	152	350	499
789.jpg	48	118	134	204	350	454
1348.jpg	55	101	150	196	350	534
801.jpg	233	50	259	76	350	235
803.jpg	79	74	199	194	350	396
809.jpg	134	90	218	174	350	483
814.jpg	176	61	254	139	350	262
815.jpg	46	95	151	200	234	297
818.jpg	137	64	212	139	350	267
822.jpg	144	49	202	107	350	450
825.jpg	79	64	168	153	250	386
828.jpg	57	92	161	196	274	400
970.jpg	119	76	187	144	350	587
832.jpg	102	116	224	238	324	432
834.jpg	196	85	259	148	350	261
836.jpg	44	27	72	55	112	150
840.jpg	17	23	78	84	350	262
841.jpg	62	43	98	79	160	224
1394.jpg	106	98	252	244	350	481
849.jpg	157	41	208	92	350	262
1125.jpg	114	107	212	205	350	492
855.jpg	116	82	223	189	350	498
1340.jpg	124	48	199	123	350	255
859.jpg	136	85	252	201	350	398
860.jpg	208	63	279	134	350	262
862.jpg	19	91	130	202	175	319
863.jpg	150	66	201	117	350	350
868.jpg	42	28	69	55	107	160
872.jpg	69	174	246	351	350	456
875.jpg	44	52	135	143	350	262
878.jpg	211	65	260	114	350	306
881.jpg	27	106	144	223	350	444
884.jpg	69	48	98	77	160	200
885.jpg	65	38	91	64	125	177
886.jpg	128	81	246	199	350	468
887.jpg	81	60	167	146	350	262
888.jpg	83	107	254	278	320	400
889.jpg	55	24	94	63	250	336
890.jpg	150	35	246	131	350	398
891.jpg	41	30	84	73	152	116
892.jpg	178	52	241	115	350	483
894.jpg	93	208	283	398	350	562
897.jpg	204	48	308	152	350	262
1354.jpg	168	31	259	122	350	262
900.jpg	87	15	140	68	350	262
906.jpg	120	114	200	194	350	346
907.jpg	21	53	73	105	107	150
908.jpg	78	84	168	174	350	496
910.jpg	172	83	300	211	350	396
913.jpg	84	36	139	91	231	350
914.jpg	122	82	227	187	350	469
917.jpg	202	78	267	143	350	280
918.jpg	52	121	249	318	350	503
919.jpg	20	70	94	144	158	200
920.jpg	119	110	285	276	350	459
922.jpg	100	81	135	116	350	294
925.jpg	99	102	153	156	350	429
927.jpg	28	62	78	112	100	150
928.jpg	79	17	108	46	160	111
929.jpg	120	118	256	254	350	436
930.jpg	104	96	202	194	350	329
931.jpg	112	65	156	109	270	360
934.jpg	71	33	145	107	350	527
936.jpg	105	111	206	212	350	475
937.jpg	75	85	166	176	271	329
938.jpg	71	77	167	173	350	212
940.jpg	135	80	261	206	350	459
941.jpg	176	89	257	170	350	212
942.jpg	74	32	107	65	160	105
944.jpg	98	95	147	144	350	264
945.jpg	276	76	349	149	350	261
947.jpg	159	118	278	237	350	279
948.jpg	99	65	141	107	350	339
949.jpg	102	137	164	199	350	494
950.jpg	40	51	81	92	125	125
952.jpg	181	50	242	111	350	470
953.jpg	41	132	246	337	350	438
954.jpg	87	109	151	173	250	350
956.jpg	62	22	91	51	150	210
960.jpg	90	86	235	231	335	400
964.jpg	75	108	211	244	350	497
972.jpg	149	64	229	144	350	481
973.jpg	68	62	131	125	200	275
975.jpg	110	67	206	163	350	612
978.jpg	100	59	173	132	249	191
980.jpg	76	78	177	179	250	302
981.jpg	101	88	178	165	350	445
984.jpg	0	114	243	357	350	396
985.jpg	87	138	193	244	350	438
992.jpg	161	96	222	157	350	557
993.jpg	107	113	189	195	350	476
997.jpg	124	146	168	190	319	420
1000.jpg	114	76	155	117	250	310
1002.jpg	87	176	223	312	350	388
1007.jpg	67	107	137	177	350	232
1008.jpg	83	86	170	173	350	479
1010.jpg	46	132	183	269	350	437
1011.jpg	131	93	207	169	350	473
1013.jpg	204	64	250	110	350	266
1014.jpg	80	92	191	203	350	462
1017.jpg	205	67	264	126	350	262
1023.jpg	52	72	114	134	182	250
1026.jpg	73	50	122	99	350	442
1031.jpg	144	128	267	251	350	517
1035.jpg	81	105	163	187	264	400
1039.jpg	162	88	211	137	350	240
1042.jpg	61	143	280	362	350	485
1046.jpg	85	101	207	223	350	518
1048.jpg	112	83	224	195	350	328
1049.jpg	13	43	49	79	111	128
1050.jpg	200	32	254	86	350	244
1333.jpg	116	135	205	224	350	444
1059.jpg	58	29	103	74	150	113
1062.jpg	44	29	75	60	125	181
1063.jpg	69	58	229	218	350	262
1064.jpg	103	68	179	144	350	471
1066.jpg	159	118	229	188	350	551
1070.jpg	94	91	215	212	350	252
1073.jpg	46	22	73	49	200	228
1075.jpg	188	83	249	144	350	260
1076.jpg	119	73	190	144	350	194
1077.jpg	144	52	197	105	350	276
1079.jpg	105	144	245	284	350	527
1086.jpg	180	52	236	108	350	338
1088.jpg	75	125	209	259	350	457
1097.jpg	126	62	224	160	350	282
1100.jpg	93	175	243	325	350	495
1162.jpg	55	83	157	185	350	459
1103.jpg	135	103	217	185	350	396
1104.jpg	214	85	274	145	350	491
1107.jpg	77	90	194	207	350	491
1120.jpg	126	83	183	140	350	494
1121.jpg	42	139	210	307	350	526
1122.jpg	76	83	160	167	340	400
1123.jpg	13	39	44	70	100	125
1126.jpg	32	71	130	169	215	296
1128.jpg	94	155	287	348	350	492
1130.jpg	134	94	213	173	350	459
1131.jpg	86	147	268	329	350	504
1132.jpg	75	82	154	161	350	500
1135.jpg	127	57	223	153	350	262
1136.jpg	152	85	203	136	350	431
1137.jpg	92	87	207	202	350	453
1140.jpg	170	68	232	130	350	493
1142.jpg	20	36	68	84	100	148
1145.jpg	115	41	159	85	300	400
1146.jpg	60	32	105	77	150	113
1147.jpg	45	53	105	113	150	150
1148.jpg	117	66	183	132	350	197
1149.jpg	96	137	178	219	350	350
1151.jpg	34	41	70	77	113	160
1154.jpg	191	104	294	207	350	521
1155.jpg	7	52	35	80	205	300
1163.jpg	293	148	324	179	350	222
1164.jpg	104	60	160	116	290	400
1172.jpg	130	75	198	143	350	500
1177.jpg	31	67	61	97	125	177
1178.jpg	46	64	107	125	199	280
1184.jpg	110	123	260	273	350	525
1185.jpg	16	74	107	165	350	192
1188.jpg	211	27	284	100	350	539
1190.jpg	101	190	195	284	350	523
1192.jpg	69	135	254	320	350	483
1194.jpg	46	68	162	184	258	650
1198.jpg	131	63	202	134	350	531
1199.jpg	169	77	223	131	350	262
1200.jpg	94	111	215	232	350	476
1203.jpg	156	141	292	277	350	525
1204.jpg	122	97	208	183	350	487
1206.jpg	127	67	198	138	350	490
1207.jpg	49	158	191	300	350	621
1209.jpg	4	18	63	77	350	262
1210.jpg	59	105	95	141	250	312
1211.jpg	136	94	199	157	350	490
1216.jpg	10	69	196	255	350	336
1222.jpg	107	84	183	160	350	523
1234.jpg	96	109	214	227	336	500
1235.jpg	98	152	198	252	350	557
1239.jpg	166	76	235	145	333	500
1244.jpg	86	89	142	145	309	350
1246.jpg	154	85	239	170	350	485
1250.jpg	111	43	156	88	264	400
1253.jpg	132	74	196	138	350	318
1254.jpg	198	19	229	50	300	201
1261.jpg	100	88	214	202	350	282
1263.jpg	98	62	164	128	350	455
1264.jpg	158	39	208	89	350	147
1269.jpg	135	33	204	102	350	296
1271.jpg	187	39	227	79	350	197
1272.jpg	120	80	175	135	320	480
1275.jpg	104	21	138	55	160	103
1280.jpg	117	155	219	257	350	355
1285.jpg	130	31	208	109	350	296
1287.jpg	193	41	236	84	350	265
1288.jpg	116	79	238	201	350	490
1290.jpg	66	25	93	52	180	200
1292.jpg	81	143	223	285	350	437
1293.jpg	117	132	244	259	350	420
1295.jpg	75	107	197	229	350	465
1298.jpg	18	24	54	60	100	113
1299.jpg	161	168	227	234	350	512
1300.jpg	0	170	250	420	250	453
1305.jpg	98	50	174	126	350	481
1306.jpg	106	104	219	217	350	262
1308.jpg	21	40	81	100	130	156
1318.jpg	45	58	139	152	200	235
1321.jpg	92	91	193	192	350	680
1323.jpg	147	124	317	294	350	467
1324.jpg	43	25	70	52	117	160
1327.jpg	98	49	153	104	300	400
1328.jpg	42	48	71	77	115	160
1329.jpg	88	107	259	278	350	436
1332.jpg	136	107	211	182	350	650
1334.jpg	90	54	123	87	199	202
1337.jpg	31	42	95	106	350	276
1338.jpg	101	100	222	221	350	430
1345.jpg	164	39	261	136	350	448
1346.jpg	122	19	165	62	200	150
1350.jpg	173	64	219	110	320	333
1351.jpg	96	85	151	140	274	461
1353.jpg	15	11	86	82	109	124
1356.jpg	177	85	247	155	350	484
1359.jpg	90	64	160	134	261	450
1363.jpg	91	99	196	204	293	448
1367.jpg	98	112	189	203	326	472
1370.jpg	125	74	166	115	350	215
1374.jpg	5	26	33	54	128	107
1375.jpg	145	50	197	102	350	246
1382.jpg	128	67	200	139	350	185
1383.jpg	144	80	204	140	350	495
1387.jpg	71	190	279	398	350	545
1388.jpg	72	73	159	160	350	262
1390.jpg	25	29	102	106	136	200
1396.jpg	33	141	201	309	343	500
1409.jpg	167	38	205	76	350	262
1413.jpg	143	76	211	144	350	506
1415.jpg	34	37	81	84	100	100
1421.jpg	39	127	150	238	350	273
1423.jpg	150	58	190	98	200	150
