0.jpg	45	35	77	67	122	170
1.jpg	106	41	190	125	281	211
747.jpg	99	48	152	101	300	400
3.jpg	50	62	120	132	160	218
1004.jpg	121	92	191	162	300	556
6.jpg	222	56	259	93	350	237
1033.jpg	67	89	183	205	240	300
8.jpg	140	220	266	346	350	537
767.jpg	110	116	212	218	350	530
10.jpg	111	51	289	229	350	262
11.jpg	46	20	80	54	130	156
12.jpg	100	46	143	89	243	342
13.jpg	106	125	224	243	350	535
14.jpg	129	97	226	194	350	348
1696.jpg	106	212	201	307	350	524
101.jpg	141	166	315	340	350	490
42.jpg	117	124	246	253	350	456
18.jpg	149	52	244	147	305	400
19.jpg	67	127	163	223	300	300
20.jpg	37	40	82	85	112	164
470.jpg	121	48	175	102	281	400
168.jpg	141	78	204	141	350	477
203.jpg	156	101	231	176	350	255
24.jpg	105	36	240	171	350	196
26.jpg	121	95	223	197	350	376
232.jpg	66	74	143	151	180	240
28.jpg	98	97	212	211	300	400
119.jpg	73	132	214	273	300	379
30.jpg	45	37	77	69	126	150
917.jpg	44	0	295	251	350	262
1222.jpg	170	18	306	154	350	474
770.jpg	161	122	303	264	350	350
34.jpg	42	74	119	151	160	200
96.jpg	156	41	250	135	350	194
36.jpg	179	60	235	116	350	443
37.jpg	121	75	189	143	350	532
337.jpg	40	48	90	98	150	175
39.jpg	28	28	57	57	176	150
238.jpg	38	73	124	159	185	185
835.jpg	136	188	223	275	347	462
992.jpg	88	212	238	362	350	539
44.jpg	201	62	246	107	350	356
1192.jpg	127	126	268	267	350	458
46.jpg	89	25	125	61	180	120
1533.jpg	150	139	280	269	350	501
48.jpg	104	82	236	214	300	486
49.jpg	86	77	173	164	300	400
570.jpg	64	78	185	199	300	225
51.jpg	136	52	174	90	300	200
53.jpg	117	107	230	220	350	464
810.jpg	55	198	196	339	292	440
461.jpg	125	80	247	202	350	256
1109.jpg	112	90	187	165	350	465
708.jpg	145	43	216	114	350	235
59.jpg	135	94	228	187	350	350
60.jpg	67	81	157	171	250	376
663.jpg	112	70	181	139	350	233
1236.jpg	91	102	197	208	301	400
64.jpg	124	48	165	89	190	143
595.jpg	150	131	277	258	350	459
66.jpg	127	78	236	187	350	255
580.jpg	42	27	74	59	120	130
1450.jpg	152	91	250	189	350	466
70.jpg	66	101	160	195	260	400
254.jpg	79	88	174	183	350	439
73.jpg	102	49	168	115	290	200
74.jpg	119	41	169	91	350	233
75.jpg	94	42	129	77	230	306
627.jpg	102	86	316	300	350	411
78.jpg	105	55	244	194	350	245
79.jpg	103	159	258	314	310	467
1390.jpg	164	119	288	243	350	616
81.jpg	49	50	119	120	180	180
82.jpg	142	41	227	126	299	300
455.jpg	96	125	189	218	350	458
1512.jpg	63	55	168	160	350	434
86.jpg	112	76	230	194	350	255
87.jpg	133	155	244	266	350	536
88.jpg	97	40	157	100	178	133
761.jpg	187	73	260	146	350	245
504.jpg	63	42	163	142	265	213
1199.jpg	107	100	219	212	350	475
411.jpg	162	128	234	200	350	525
94.jpg	124	64	195	135	331	412
95.jpg	32	66	93	127	200	183
1468.jpg	156	169	237	250	350	537
98.jpg	111	80	196	165	295	349
1754.jpg	184	32	273	121	350	242
100.jpg	61	57	120	116	180	180
102.jpg	168	14	337	183	350	503
103.jpg	91	74	156	139	243	344
1465.jpg	215	65	288	138	350	262
1311.jpg	170	150	329	309	350	497
106.jpg	52	41	97	86	160	230
108.jpg	24	36	50	62	113	200
1927.jpg	110	127	202	219	350	450
1408.jpg	123	164	268	309	350	473
113.jpg	23	20	97	94	200	125
656.jpg	193	95	285	187	350	261
116.jpg	33	22	106	95	200	200
117.jpg	28	61	78	111	115	156
118.jpg	141	102	174	135	300	400
1005.jpg	150	66	252	168	350	289
121.jpg	133	114	258	239	350	444
122.jpg	76	57	142	123	150	234
178.jpg	120	96	259	235	297	396
1332.jpg	138	62	224	148	350	350
1363.jpg	70	99	270	299	350	343
1128.jpg	144	66	208	130	350	464
129.jpg	82	38	116	72	150	108
1083.jpg	154	81	232	159	350	587
1479.jpg	93	101	191	199	306	400
893.jpg	122	144	279	301	350	448
136.jpg	92	60	156	124	200	278
137.jpg	104	92	159	147	300	300
1059.jpg	156	38	222	104	350	469
1642.jpg	58	134	294	370	350	411
193.jpg	202	54	273	125	300	384
1916.jpg	182	77	256	151	350	262
1936.jpg	147	86	230	169	350	261
765.jpg	0	93	72	165	180	254
145.jpg	42	36	101	95	130	156
147.jpg	61	24	87	50	170	113
1187.jpg	186	90	267	171	350	470
376.jpg	162	89	260	187	350	316
1094.jpg	209	187	350	328	350	518
1142.jpg	161	100	314	253	350	455
155.jpg	99	167	219	287	316	440
156.jpg	48	81	328	361	350	478
1717.jpg	114	106	264	256	350	460
160.jpg	119	87	198	166	350	411
161.jpg	128	42	156	70	200	120
163.jpg	70	94	145	169	205	342
164.jpg	47	33	80	66	100	133
166.jpg	110	36	139	65	180	144
167.jpg	94	55	155	116	240	320
1885.jpg	89	39	272	222	350	466
170.jpg	55	62	104	111	350	262
523.jpg	92	194	217	319	350	445
257.jpg	66	78	235	247	300	328
889.jpg	72	128	207	263	253	346
174.jpg	134	86	183	135	350	528
709.jpg	130	78	225	173	350	437
177.jpg	41	33	72	64	158	194
181.jpg	17	76	124	183	350	549
540.jpg	231	48	276	93	350	334
1728.jpg	120	101	235	216	350	537
1657.jpg	144	60	290	206	350	262
679.jpg	108	90	219	201	350	476
189.jpg	72	69	109	106	350	338
269.jpg	49	12	179	142	260	200
191.jpg	70	93	233	256	350	670
192.jpg	41	44	110	113	150	150
545.jpg	148	121	258	231	350	544
195.jpg	48	23	78	53	130	130
196.jpg	108	95	206	193	300	484
938.jpg	78	57	143	122	200	256
198.jpg	38	36	87	85	122	160
398.jpg	85	75	140	130	264	259
602.jpg	165	68	221	124	350	496
208.jpg	70	105	244	279	300	370
209.jpg	91	85	164	158	250	167
210.jpg	238	53	279	94	350	262
211.jpg	69	94	179	204	350	262
213.jpg	116	76	240	200	350	431
1165.jpg	89	69	199	179	300	240
216.jpg	143	85	196	138	350	240
217.jpg	44	66	99	121	200	288
220.jpg	158	97	253	192	350	480
222.jpg	118	51	175	108	350	226
440.jpg	51	68	139	156	160	224
1182.jpg	166	67	310	211	350	262
225.jpg	30	35	90	95	150	169
1001.jpg	89	73	158	142	350	430
229.jpg	132	97	207	172	300	463
1112.jpg	125	140	221	236	350	436
233.jpg	53	141	186	274	298	358
234.jpg	145	76	217	148	347	344
1825.jpg	129	114	207	192	350	453
236.jpg	82	39	162	119	228	224
1690.jpg	150	125	250	225	350	483
239.jpg	89	91	179	181	285	380
243.jpg	96	142	273	319	350	477
244.jpg	69	76	153	160	184	245
245.jpg	36	62	82	108	131	200
247.jpg	85	164	238	317	350	412
248.jpg	37	85	107	155	210	349
249.jpg	87	64	146	123	225	338
1090.jpg	151	66	212	127	350	475
252.jpg	119	107	214	202	350	456
695.jpg	45	61	105	121	149	203
255.jpg	79	88	180	189	300	338
258.jpg	48	59	110	121	137	170
259.jpg	31	54	87	110	158	191
260.jpg	81	102	173	194	300	463
261.jpg	44	37	78	71	158	171
262.jpg	92	42	130	80	206	375
263.jpg	92	122	190	220	350	524
1416.jpg	49	36	108	95	160	206
1671.jpg	170	91	269	190	350	475
386.jpg	117	117	234	234	350	496
1854.jpg	84	132	261	309	350	427
272.jpg	116	79	206	169	350	490
274.jpg	37	71	117	151	160	226
1881.jpg	82	89	203	210	350	477
276.jpg	217	62	313	158	350	237
1760.jpg	147	76	207	136	350	525
1164.jpg	211	76	343	208	350	353
1194.jpg	59	157	171	269	350	551
284.jpg	26	41	62	77	128	160
286.jpg	137	84	207	154	350	525
288.jpg	20	76	120	176	220	300
562.jpg	85	126	227	268	300	400
1357.jpg	179	58	230	109	350	262
293.jpg	118	104	208	194	350	250
295.jpg	189	78	248	137	350	233
299.jpg	56	86	178	208	250	250
300.jpg	11	32	40	61	133	100
301.jpg	134	57	177	100	317	538
302.jpg	123	33	217	127	350	472
1137.jpg	198	126	263	191	350	280
304.jpg	115	63	178	126	250	224
306.jpg	124	41	229	146	350	463
309.jpg	112	114	226	228	350	490
946.jpg	104	31	312	239	350	268
315.jpg	152	48	188	84	350	544
316.jpg	57	15	85	43	120	168
317.jpg	146	102	248	204	350	317
320.jpg	157	71	209	123	350	251
321.jpg	22	43	69	90	100	123
322.jpg	175	32	213	70	350	196
323.jpg	136	72	197	133	300	400
324.jpg	108	94	201	187	300	396
325.jpg	160	90	250	180	350	262
331.jpg	117	78	198	159	350	309
333.jpg	52	79	124	151	160	227
402.jpg	36	80	98	142	161	218
335.jpg	97	55	190	148	247	178
338.jpg	43	71	115	143	129	180
339.jpg	125	126	236	237	350	478
340.jpg	69	27	110	68	188	103
921.jpg	121	92	308	279	350	338
1656.jpg	157	67	217	127	350	439
347.jpg	106	42	169	105	300	350
348.jpg	78	116	195	233	300	450
349.jpg	101	138	205	242	350	437
350.jpg	54	92	151	189	301	400
353.jpg	58	75	157	174	300	371
358.jpg	45	34	76	65	122	170
359.jpg	144	34	204	94	350	227
360.jpg	104	103	228	227	320	275
362.jpg	70	88	160	178	350	237
364.jpg	70	47	103	80	200	192
482.jpg	202	71	289	158	350	262
366.jpg	31	44	64	77	100	100
368.jpg	127	120	231	224	300	430
1847.jpg	71	99	167	195	350	479
1865.jpg	166	98	230	162	350	514
586.jpg	15	58	110	153	200	170
372.jpg	151	56	204	109	350	499
1173.jpg	160	72	234	146	350	262
374.jpg	168	92	210	134	350	336
375.jpg	43	41	75	73	250	187
377.jpg	52	61	127	136	150	217
378.jpg	51	41	85	75	154	200
843.jpg	148	72	266	190	350	262
381.jpg	50	48	113	111	144	221
382.jpg	211	40	280	109	350	262
383.jpg	108	94	197	183	301	320
384.jpg	128	112	243	227	331	398
1645.jpg	82	111	178	207	299	431
388.jpg	55	51	100	96	148	240
391.jpg	60	93	199	232	263	395
392.jpg	46	76	110	140	350	494
393.jpg	50	28	97	75	136	102
394.jpg	70	57	122	109	230	298
396.jpg	148	96	196	144	350	334
713.jpg	124	98	253	227	350	489
401.jpg	57	24	97	64	168	138
1467.jpg	161	156	286	281	350	491
557.jpg	109	115	198	204	314	480
405.jpg	26	60	74	108	100	145
408.jpg	109	103	180	174	350	447
1374.jpg	145	108	212	175	350	441
410.jpg	83	112	177	206	302	409
415.jpg	93	46	146	99	350	262
416.jpg	52	75	105	128	160	160
419.jpg	48	29	82	63	131	170
422.jpg	175	62	249	136	350	438
423.jpg	43	24	68	49	108	150
425.jpg	133	45	175	87	281	351
426.jpg	103	82	167	146	350	525
428.jpg	43	65	113	135	173	211
429.jpg	123	65	257	199	350	509
430.jpg	27	40	67	80	140	140
431.jpg	59	69	127	137	175	197
617.jpg	112	68	223	179	350	235
433.jpg	122	98	232	208	300	400
434.jpg	85	63	122	100	141	120
435.jpg	150	47	221	118	250	175
522.jpg	33	58	120	145	138	175
442.jpg	78	33	150	105	203	152
443.jpg	108	70	156	118	300	350
1551.jpg	130	102	221	193	350	497
453.jpg	91	64	122	95	350	236
454.jpg	55	35	80	60	108	145
456.jpg	34	31	79	76	157	104
457.jpg	56	63	100	107	150	150
458.jpg	107	66	168	127	240	358
579.jpg	37	34	89	86	110	135
465.jpg	168	95	277	204	350	247
466.jpg	67	31	97	61	173	213
467.jpg	192	40	239	87	350	255
1345.jpg	161	100	255	194	350	262
474.jpg	101	66	146	111	250	167
477.jpg	223	69	291	137	350	262
478.jpg	135	84	205	154	300	300
480.jpg	69	117	194	242	300	400
481.jpg	182	86	246	150	350	486
794.jpg	106	63	187	144	350	470
1798.jpg	185	77	234	126	350	445
634.jpg	39	96	175	232	230	306
488.jpg	33	22	63	52	100	167
493.jpg	87	59	168	140	294	255
1108.jpg	81	82	206	207	350	437
499.jpg	47	25	91	69	135	180
500.jpg	20	62	58	100	120	160
501.jpg	57	134	172	249	222	321
502.jpg	97	35	162	100	218	150
1442.jpg	106	164	241	299	350	430
1205.jpg	96	52	135	91	201	200
507.jpg	74	56	138	120	250	376
508.jpg	47	80	100	133	130	156
1401.jpg	211	66	264	119	350	262
511.jpg	116	65	190	139	350	353
512.jpg	76	57	116	97	180	303
1713.jpg	137	55	183	101	311	440
517.jpg	46	56	93	103	168	250
1140.jpg	140	104	241	205	350	448
670.jpg	167	62	211	106	350	233
521.jpg	81	17	106	42	150	109
526.jpg	61	59	120	118	156	200
527.jpg	90	63	154	127	238	316
529.jpg	110	46	139	75	190	111
530.jpg	57	43	116	102	144	144
644.jpg	125	83	196	154	350	534
1786.jpg	126	145	249	268	350	506
1912.jpg	102	100	214	212	350	434
1270.jpg	44	81	196	233	350	445
537.jpg	198	180	305	287	320	474
538.jpg	240	102	297	159	350	225
539.jpg	69	98	149	178	228	345
541.jpg	90	123	182	215	206	276
1611.jpg	123	50	196	123	350	472
548.jpg	162	19	188	45	350	161
996.jpg	117	141	228	252	338	425
551.jpg	77	78	157	158	223	300
552.jpg	172	39	246	113	350	447
553.jpg	102	83	170	151	300	541
554.jpg	101	29	147	75	240	180
659.jpg	75	118	179	222	350	294
559.jpg	99	56	158	115	239	320
1466.jpg	152	52	199	99	350	499
563.jpg	63	35	93	65	150	150
1144.jpg	98	126	267	295	350	481
566.jpg	78	46	139	107	240	413
1483.jpg	146	50	205	109	350	447
1275.jpg	160	83	238	161	350	437
569.jpg	51	44	83	76	128	160
571.jpg	94	95	189	190	350	465
575.jpg	106	60	166	120	350	435
576.jpg	34	64	94	124	150	210
578.jpg	121	115	222	216	350	505
1415.jpg	155	48	197	90	350	262
1452.jpg	118	112	211	205	350	524
583.jpg	116	68	166	118	350	493
585.jpg	31	64	116	149	150	220
587.jpg	135	70	254	189	350	261
589.jpg	39	30	69	60	110	150
594.jpg	99	78	131	110	350	232
597.jpg	124	83	239	198	310	340
599.jpg	54	39	82	67	128	160
601.jpg	64	39	110	85	180	236
603.jpg	79	63	173	157	253	190
604.jpg	46	22	73	49	118	170
610.jpg	129	76	196	143	350	262
611.jpg	114	28	164	78	350	296
612.jpg	74	75	208	209	350	262
615.jpg	108	72	188	152	300	454
1884.jpg	92	120	248	276	350	397
621.jpg	34	36	67	69	100	100
624.jpg	97	43	137	83	230	170
625.jpg	55	22	81	48	160	107
628.jpg	37	31	71	65	100	100
632.jpg	36	23	62	49	110	129
633.jpg	203	62	278	137	350	267
635.jpg	130	88	201	159	280	198
636.jpg	164	104	208	148	350	262
638.jpg	40	126	199	285	350	440
640.jpg	53	50	119	116	193	298
1478.jpg	185	70	242	127	350	438
643.jpg	41	37	70	66	108	160
645.jpg	141	37	197	93	280	400
646.jpg	83	88	137	142	175	240
1212.jpg	139	14	191	66	350	233
651.jpg	81	20	108	47	220	150
652.jpg	53	109	110	166	244	260
1091.jpg	170	74	229	133	350	348
657.jpg	141	87	217	163	350	526
660.jpg	40	49	84	93	100	150
669.jpg	52	29	81	58	118	170
673.jpg	108	73	203	168	330	241
674.jpg	26	122	176	272	350	397
1024.jpg	69	103	128	162	350	443
677.jpg	45	78	172	205	200	250
776.jpg	97	97	205	205	350	458
682.jpg	122	53	193	124	300	203
683.jpg	141	134	281	274	299	390
684.jpg	64	58	124	118	150	165
689.jpg	29	42	74	87	111	170
696.jpg	23	54	74	105	350	252
697.jpg	109	67	170	128	200	324
699.jpg	109	103	181	175	350	471
701.jpg	148	55	216	123	291	420
702.jpg	89	84	167	162	263	400
703.jpg	96	63	173	140	350	232
711.jpg	130	80	259	209	300	230
1582.jpg	158	56	232	130	350	490
717.jpg	92	138	212	258	350	508
719.jpg	178	75	270	167	300	219
721.jpg	152	114	242	204	350	524
722.jpg	81	81	190	190	255	384
724.jpg	44	49	74	79	150	190
726.jpg	57	137	166	246	247	368
1792.jpg	127	65	192	130	308	500
731.jpg	30	24	58	52	150	195
733.jpg	92	93	227	228	304	375
1855.jpg	177	79	259	161	350	543
1000.jpg	85	90	175	180	250	333
1856.jpg	114	102	201	189	350	262
741.jpg	110	114	217	221	350	385
742.jpg	66	68	173	175	240	200
743.jpg	65	41	122	98	190	143
1706.jpg	155	50	224	119	350	531
746.jpg	82	35	128	81	350	262
748.jpg	47	80	104	137	138	200
750.jpg	137	84	213	160	350	517
751.jpg	119	125	220	226	230	311
753.jpg	42	40	85	83	190	150
1350.jpg	79	41	125	87	350	262
757.jpg	237	74	288	125	350	262
758.jpg	38	38	100	100	141	200
759.jpg	37	49	90	102	140	140
762.jpg	117	104	230	217	350	476
771.jpg	44	40	78	74	128	160
772.jpg	147	129	242	224	350	410
774.jpg	79	59	128	108	150	198
775.jpg	36	83	113	160	350	264
778.jpg	35	196	121	282	257	300
779.jpg	41	36	91	86	100	100
780.jpg	36	88	97	149	153	200
783.jpg	154	108	259	213	350	481
787.jpg	42	29	75	62	125	100
791.jpg	52	31	122	101	350	275
792.jpg	31	95	60	124	202	240
795.jpg	56	56	99	99	165	124
799.jpg	26	31	54	59	100	165
801.jpg	207	69	258	120	350	262
802.jpg	52	17	80	45	140	105
804.jpg	140	88	210	158	350	525
806.jpg	17	54	50	87	100	150
811.jpg	38	80	89	131	140	200
814.jpg	35	67	91	123	180	180
817.jpg	52	30	78	56	110	150
819.jpg	56	102	141	187	250	283
821.jpg	164	165	243	244	350	537
823.jpg	32	35	72	75	110	150
827.jpg	76	79	153	156	241	364
828.jpg	79	70	131	122	215	280
829.jpg	143	80	235	172	350	232
830.jpg	133	81	217	165	300	250
831.jpg	51	29	79	57	125	100
832.jpg	37	34	76	73	106	170
834.jpg	155	61	225	131	350	241
1032.jpg	111	157	200	246	244	305
838.jpg	125	58	171	104	306	450
839.jpg	32	5	152	125	200	150
1557.jpg	152	96	218	162	350	481
1785.jpg	147	81	234	168	350	262
849.jpg	52	107	141	196	250	250
851.jpg	76	74	147	145	310	232
862.jpg	43	34	78	69	129	194
864.jpg	133	45	173	85	300	223
865.jpg	68	97	217	246	249	342
869.jpg	79	111	159	191	270	360
870.jpg	89	95	174	180	330	450
873.jpg	47	94	138	185	216	307
879.jpg	49	12	77	40	120	120
880.jpg	112	104	249	241	350	455
882.jpg	72	124	199	251	319	461
883.jpg	73	45	99	71	124	170
884.jpg	103	39	151	87	212	300
886.jpg	60	34	103	77	316	342
887.jpg	186	81	247	142	350	233
892.jpg	62	69	130	137	150	267
894.jpg	65	68	126	129	150	246
896.jpg	101	36	129	64	240	180
897.jpg	75	78	230	233	350	292
901.jpg	101	116	215	230	350	541
902.jpg	193	78	255	140	350	445
903.jpg	138	167	276	305	350	489
905.jpg	50	21	78	49	125	100
911.jpg	91	80	197	186	350	228
915.jpg	104	79	150	125	350	682
918.jpg	32	30	91	89	129	199
919.jpg	59	102	172	215	240	319
931.jpg	99	64	194	159	346	400
924.jpg	39	79	109	149	140	200
928.jpg	52	43	88	79	150	218
930.jpg	166	88	259	181	350	372
932.jpg	129	23	169	63	300	180
933.jpg	57	61	120	124	180	206
935.jpg	130	60	175	105	350	275
936.jpg	86	170	230	314	350	423
937.jpg	186	80	237	131	350	262
939.jpg	125	83	222	180	272	400
940.jpg	40	123	148	231	250	453
941.jpg	87	50	140	103	236	176
942.jpg	50	170	191	311	350	487
944.jpg	158	104	206	152	220	220
945.jpg	72	70	145	143	200	300
947.jpg	50	56	89	95	350	312
948.jpg	90	64	149	123	274	344
951.jpg	68	18	98	48	181	134
959.jpg	163	127	243	207	350	469
1271.jpg	93	64	165	136	228	320
964.jpg	26	17	62	53	100	100
966.jpg	39	35	91	87	111	140
967.jpg	116	183	240	307	350	471
973.jpg	140	98	265	223	350	350
1640.jpg	134	171	233	270	350	526
977.jpg	57	56	111	110	136	200
1146.jpg	43	44	104	105	150	182
981.jpg	48	49	98	99	113	170
1734.jpg	146	58	207	119	350	514
988.jpg	82	79	171	168	262	400
990.jpg	79	122	192	235	350	410
995.jpg	85	36	129	80	205	267
997.jpg	40	46	81	87	120	154
999.jpg	28	38	65	75	102	159
1302.jpg	111	174	223	286	350	546
1009.jpg	128	125	199	196	350	466
1011.jpg	36	42	81	87	106	159
1015.jpg	17	25	47	55	150	112
1016.jpg	41	20	69	48	115	135
1017.jpg	63	45	108	90	141	200
1353.jpg	54	87	166	199	350	313
1019.jpg	125	30	154	59	190	143
1020.jpg	68	44	109	85	155	198
1021.jpg	75	87	114	126	350	433
1025.jpg	25	72	67	114	134	193
1026.jpg	137	64	192	119	350	301
1317.jpg	122	93	280	251	350	466
1029.jpg	44	57	133	146	250	167
1034.jpg	68	75	130	137	200	307
1036.jpg	50	31	76	57	113	170
1037.jpg	61	46	150	135	250	167
1038.jpg	215	58	283	126	350	441
1039.jpg	69	125	194	250	222	321
1040.jpg	107	47	154	94	250	622
1041.jpg	59	97	150	188	300	400
1043.jpg	40	37	76	73	130	200
1052.jpg	111	114	230	233	350	385
1054.jpg	138	152	274	288	350	498
1058.jpg	30	46	78	94	100	100
1544.jpg	112	134	232	254	350	437
1064.jpg	52	46	100	94	158	230
1065.jpg	132	109	230	207	350	495
1067.jpg	35	44	78	87	150	150
1072.jpg	78	56	140	118	331	500
1073.jpg	17	59	52	94	138	200
1075.jpg	141	112	236	207	350	532
1077.jpg	66	110	201	245	350	588
1080.jpg	148	44	204	100	350	466
1081.jpg	197	79	271	153	350	262
1085.jpg	101	71	163	133	350	262
1087.jpg	256	40	292	76	350	262
1092.jpg	15	59	68	112	112	152
1097.jpg	144	55	273	184	350	267
1098.jpg	187	55	218	86	292	299
1102.jpg	152	55	192	95	350	262
1103.jpg	145	82	220	157	350	478
1105.jpg	6	172	44	210	350	383
1107.jpg	247	80	315	148	350	262
1110.jpg	32	28	61	57	106	160
1114.jpg	144	102	248	206	350	423
1116.jpg	69	35	105	71	200	311
1119.jpg	40	24	68	52	110	165
1121.jpg	128	155	300	327	350	485
1122.jpg	188	87	241	140	350	404
1783.jpg	85	76	188	179	350	494
1133.jpg	63	48	95	80	119	160
1134.jpg	153	55	214	116	350	462
1160.jpg	159	71	236	148	350	476
1139.jpg	159	89	245	175	348	400
1141.jpg	51	30	80	59	119	160
1147.jpg	89	102	224	237	350	525
1151.jpg	122	105	215	198	350	662
1153.jpg	106	170	249	313	350	472
1156.jpg	156	85	226	155	350	537
1162.jpg	63	27	91	55	146	200
1163.jpg	64	86	300	322	350	364
1167.jpg	32	24	58	50	110	170
1168.jpg	39	52	80	93	110	150
1170.jpg	218	124	312	218	350	525
1171.jpg	134	28	164	58	200	150
1172.jpg	90	22	119	51	200	200
1174.jpg	85	59	126	100	226	300
1175.jpg	48	68	76	96	138	180
1177.jpg	58	90	120	152	350	525
1178.jpg	82	24	270	212	350	458
1186.jpg	115	58	168	111	350	434
1189.jpg	120	67	166	113	350	480
1195.jpg	80	24	111	55	200	400
1196.jpg	268	84	344	160	350	350
1920.jpg	58	138	193	273	350	525
1200.jpg	143	63	223	143	350	387
1201.jpg	70	47	111	88	150	120
1378.jpg	159	68	212	121	350	239
1204.jpg	138	87	187	136	350	262
1209.jpg	123	43	169	89	350	233
1210.jpg	216	121	324	229	350	525
1217.jpg	69	40	112	83	158	217
1219.jpg	42	154	171	283	350	576
1220.jpg	81	92	174	185	300	400
1221.jpg	72	59	135	122	200	261
1223.jpg	148	51	192	95	350	560
1614.jpg	127	67	193	133	350	233
1228.jpg	154	120	253	219	350	534
1231.jpg	191	21	226	56	290	200
1237.jpg	21	32	50	61	116	170
1240.jpg	22	35	55	68	102	150
1243.jpg	145	48	200	103	350	475
1245.jpg	136	182	319	365	350	494
1252.jpg	159	8	199	48	350	435
1255.jpg	196	94	266	164	350	487
1259.jpg	54	44	85	75	140	146
1457.jpg	114	103	196	185	300	408
1263.jpg	66	79	153	166	200	250
1265.jpg	104	60	185	141	257	276
1266.jpg	173	31	230	88	350	262
1267.jpg	200	62	258	120	350	237
1269.jpg	158	98	261	201	350	270
1279.jpg	54	26	84	56	135	185
1280.jpg	53	48	94	89	130	180
1287.jpg	145	72	226	153	350	196
1292.jpg	151	44	188	81	350	335
1293.jpg	64	30	91	57	150	150
1295.jpg	157	69	228	140	350	262
1299.jpg	170	104	273	207	350	476
1300.jpg	144	124	217	197	350	442
1303.jpg	116	81	223	188	330	330
1305.jpg	173	62	223	112	334	500
1306.jpg	81	233	309	461	350	504
1307.jpg	73	27	119	73	200	150
1309.jpg	149	67	193	111	350	262
1312.jpg	112	31	143	62	245	133
1887.jpg	114	68	221	175	350	436
1932.jpg	136	82	195	141	350	536
1318.jpg	43	26	77	60	109	150
1319.jpg	199	103	292	196	350	562
1320.jpg	96	154	171	229	350	435
1322.jpg	258	60	287	89	350	336
1325.jpg	43	32	92	81	165	250
1710.jpg	149	68	240	159	350	233
1333.jpg	128	80	190	142	350	488
1334.jpg	42	91	152	201	200	282
1337.jpg	121	130	182	191	350	466
1340.jpg	44	54	95	105	109	150
1376.jpg	136	98	249	211	334	739
1348.jpg	118	94	241	217	299	610
1759.jpg	132	40	243	151	350	434
1351.jpg	220	36	266	82	350	262
1354.jpg	70	21	99	50	170	119
1355.jpg	123	167	232	276	350	453
1359.jpg	200	56	237	93	350	521
1368.jpg	156	47	262	153	350	197
1369.jpg	141	142	212	213	350	403
1380.jpg	125	51	216	142	350	262
1381.jpg	192	50	225	83	350	262
1382.jpg	274	125	316	167	350	271
1573.jpg	68	43	194	169	350	458
1389.jpg	106	125	205	224	350	563
1393.jpg	17	24	45	52	160	120
1394.jpg	131	170	216	255	350	474
1395.jpg	104	138	258	292	350	498
1396.jpg	117	153	275	311	350	435
1400.jpg	41	46	101	106	130	180
1404.jpg	91	60	180	149	280	281
1405.jpg	88	29	134	75	290	397
1410.jpg	72	47	121	96	157	224
1412.jpg	68	117	185	234	350	455
1413.jpg	111	123	224	236	350	537
1417.jpg	164	16	269	121	350	262
1425.jpg	167	43	230	106	350	499
1427.jpg	142	134	241	233	350	668
1428.jpg	136	69	201	134	350	262
1429.jpg	136	99	252	215	350	473
1432.jpg	95	67	200	172	300	448
1433.jpg	55	227	100	272	350	518
1435.jpg	92	26	141	75	250	349
1436.jpg	83	82	145	144	170	186
1438.jpg	147	76	199	128	350	523
1441.jpg	98	147	231	280	300	419
1443.jpg	56	56	104	104	148	224
1915.jpg	138	65	224	151	350	273
1447.jpg	104	84	194	174	278	370
1449.jpg	58	57	106	105	140	169
1455.jpg	143	23	172	52	234	175
1462.jpg	120	108	212	200	350	525
1464.jpg	154	57	199	102	350	628
1473.jpg	120	78	201	159	350	458
1474.jpg	218	78	302	162	350	432
1475.jpg	238	87	309	158	350	241
1477.jpg	123	141	260	278	350	438
1528.jpg	91	47	144	100	160	120
1486.jpg	114	95	207	188	350	522
1488.jpg	35	45	93	103	160	120
1489.jpg	49	48	86	85	110	160
1492.jpg	76	95	152	171	167	200
1496.jpg	105	170	243	308	350	557
1497.jpg	132	133	266	267	350	350
1498.jpg	174	87	205	118	350	462
1499.jpg	77	100	179	202	350	453
1500.jpg	137	93	224	180	350	466
1502.jpg	159	152	242	235	336	500
1505.jpg	51	37	90	76	152	170
1506.jpg	97	86	129	118	230	306
1508.jpg	213	84	322	193	350	296
1514.jpg	137	168	317	348	350	478
1516.jpg	129	43	170	84	350	367
1517.jpg	115	105	199	189	350	448
1522.jpg	111	217	191	297	350	525
1525.jpg	199	70	266	137	350	262
1526.jpg	60	61	210	211	350	280
1527.jpg	107	97	204	194	220	320
1529.jpg	63	25	91	53	180	119
1530.jpg	159	30	188	59	250	193
1532.jpg	227	56	281	110	350	262
1535.jpg	167	31	235	99	350	544
1536.jpg	145	84	240	179	340	425
1537.jpg	97	74	152	129	225	333
1539.jpg	57	95	300	338	350	482
1541.jpg	147	64	200	117	350	411
1542.jpg	227	77	303	153	350	446
1543.jpg	96	92	147	143	350	262
1545.jpg	104	97	237	230	350	465
1546.jpg	122	107	214	199	350	350
1547.jpg	87	141	169	223	350	512
1549.jpg	4	46	57	99	110	182
1554.jpg	121	62	206	147	245	316
1556.jpg	157	46	193	82	350	350
1558.jpg	150	66	211	127	350	262
1561.jpg	124	125	207	208	350	466
1562.jpg	172	53	232	113	350	469
1565.jpg	58	30	86	58	110	155
1568.jpg	210	76	273	139	350	232
1569.jpg	132	170	252	290	350	457
1570.jpg	126	99	230	203	328	440
1571.jpg	56	47	93	84	165	123
1572.jpg	137	147	291	301	350	480
1576.jpg	43	49	71	77	116	160
1583.jpg	152	140	259	247	350	527
1586.jpg	56	36	91	71	125	170
1587.jpg	87	111	213	237	350	443
1588.jpg	169	75	243	149	350	370
1589.jpg	98	93	198	193	310	439
1590.jpg	99	208	238	347	350	468
1593.jpg	28	48	53	73	105	160
1594.jpg	121	74	185	138	350	481
1595.jpg	33	55	92	114	113	185
1597.jpg	123	110	249	236	350	461
1600.jpg	131	125	249	243	350	425
1603.jpg	71	220	226	375	350	543
1604.jpg	168	86	267	185	350	568
1605.jpg	227	55	271	99	350	347
1609.jpg	46	50	85	89	112	152
1612.jpg	169	90	223	144	350	478
1615.jpg	71	42	100	71	200	162
1618.jpg	203	119	310	226	350	492
1619.jpg	35	385	99	449	350	482
1620.jpg	112	76	167	131	350	236
1622.jpg	248	58	298	108	350	262
1623.jpg	58	37	116	95	160	120
1625.jpg	231	51	293	113	350	262
1627.jpg	96	73	129	106	230	306
1628.jpg	130	137	212	219	350	523
1629.jpg	71	103	176	208	228	278
1636.jpg	70	123	278	331	350	434
1637.jpg	53	67	117	131	180	240
1638.jpg	235	27	264	56	350	262
1639.jpg	233	55	284	106	350	262
1641.jpg	52	37	109	94	180	120
1643.jpg	70	60	136	126	200	275
1646.jpg	236	19	267	50	350	262
1650.jpg	133	100	213	180	350	462
1651.jpg	142	44	181	83	350	546
1653.jpg	169	222	298	351	350	479
1661.jpg	77	87	138	148	192	250
1898.jpg	114	175	212	273	350	443
1663.jpg	23	71	148	196	160	224
1674.jpg	63	62	126	125	177	270
1675.jpg	121	59	208	146	350	481
1680.jpg	147	51	193	97	350	262
1681.jpg	63	78	156	171	217	217
1682.jpg	97	106	205	214	350	525
1687.jpg	57	60	125	128	131	160
1688.jpg	98	75	200	177	298	410
1689.jpg	116	113	270	267	350	524
1692.jpg	122	61	170	109	350	503
1694.jpg	100	116	156	172	350	274
1695.jpg	27	69	103	145	138	200
1697.jpg	45	37	76	68	122	152
1698.jpg	112	48	196	132	350	487
1699.jpg	136	116	254	234	350	424
1701.jpg	56	58	100	102	162	202
1702.jpg	154	68	192	106	349	600
1705.jpg	159	173	321	335	333	500
1715.jpg	53	69	133	149	150	188
1723.jpg	93	82	176	165	271	400
1727.jpg	202	47	268	113	350	262
1732.jpg	69	42	106	79	160	225
1733.jpg	30	30	64	64	100	128
1738.jpg	143	52	189	98	300	361
1739.jpg	134	123	256	245	350	472
1740.jpg	94	27	128	61	150	120
1741.jpg	109	72	152	115	350	586
1744.jpg	27	75	98	146	170	182
1745.jpg	117	140	237	260	297	445
1747.jpg	91	151	211	271	334	500
1748.jpg	69	38	103	72	110	165
1752.jpg	62	47	92	77	145	108
1753.jpg	123	155	317	349	350	423
1755.jpg	142	63	209	130	350	262
1756.jpg	240	72	299	131	350	262
1873.jpg	92	97	229	234	350	494
1762.jpg	45	89	114	158	136	200
1763.jpg	153	42	199	88	350	233
1766.jpg	25	14	51	40	200	150
1767.jpg	39	39	70	70	107	160
1768.jpg	92	64	160	132	350	350
1771.jpg	134	60	168	94	350	433
1772.jpg	167	117	274	224	350	465
1777.jpg	133	68	184	119	350	467
1779.jpg	70	99	135	164	182	270
1780.jpg	158	87	230	159	350	511
1781.jpg	66	72	102	108	350	535
1788.jpg	272	23	299	50	350	238
1789.jpg	231	30	261	60	350	236
1790.jpg	85	102	165	182	350	353
1797.jpg	162	118	281	237	350	525
1799.jpg	125	53	196	124	350	232
1801.jpg	92	91	171	170	216	260
1802.jpg	158	64	205	111	350	493
1803.jpg	172	62	207	97	350	350
1804.jpg	45	56	77	88	119	150
1806.jpg	46	39	74	67	114	165
1811.jpg	132	64	265	197	350	441
1815.jpg	5	115	43	153	350	339
1816.jpg	221	34	261	74	350	262
1823.jpg	49	33	89	73	166	101
1827.jpg	176	54	207	85	350	485
1828.jpg	276	39	304	67	350	262
1833.jpg	34	99	101	166	139	191
1836.jpg	240	61	279	100	350	300
1837.jpg	93	126	198	231	350	350
1838.jpg	152	71	251	170	350	550
1840.jpg	74	173	259	358	350	504
1846.jpg	195	84	265	154	350	424
1851.jpg	58	27	86	55	150	150
1853.jpg	38	40	112	114	350	242
1857.jpg	242	62	304	124	350	262
1859.jpg	128	113	220	205	350	488
1867.jpg	73	119	227	273	350	527
1869.jpg	135	96	216	177	350	442
1872.jpg	31	27	63	59	113	170
1876.jpg	42	1	69	28	106	128
1878.jpg	128	152	254	278	350	525
1882.jpg	79	78	169	168	229	300
1883.jpg	30	31	64	65	100	100
1886.jpg	87	54	167	134	300	462
1900.jpg	144	162	261	279	350	497
1901.jpg	56	31	84	59	240	206
1903.jpg	81	165	242	326	350	510
1907.jpg	56	37	105	86	132	195
1908.jpg	108	77	211	180	350	490
1909.jpg	97	22	125	50	150	120
1918.jpg	89	55	120	86	200	240
1929.jpg	177	47	219	89	260	194
1934.jpg	112	56	189	133	350	435
1943.jpg	46	16	71	41	108	170
