103.jpg	65	68	173	176	350	210
1.jpg	129	113	252	236	350	525
2.jpg	57	126	134	203	310	434
116.jpg	27	128	236	337	350	441
140.jpg	58	117	191	250	350	399
143.jpg	94	135	228	269	350	461
8.jpg	78	113	156	191	256	400
95.jpg	104	132	244	272	350	475
10.jpg	108	193	204	289	350	494
11.jpg	33	25	64	56	123	120
12.jpg	36	52	85	101	137	160
198.jpg	42	85	288	331	350	365
15.jpg	160	69	238	147	350	440
16.jpg	84	94	213	223	350	466
151.jpg	103	126	199	222	350	422
18.jpg	125	101	248	224	350	472
19.jpg	125	129	243	247	300	392
109.jpg	39	39	79	79	121	150
85.jpg	86	127	203	244	252	400
23.jpg	44	10	70	36	126	171
24.jpg	118	101	226	209	298	425
27.jpg	116	182	191	257	339	500
26.jpg	175	110	267	202	286	353
29.jpg	17	54	72	109	128	160
119.jpg	43	107	247	311	350	498
31.jpg	89	126	212	249	311	375
126.jpg	102	149	244	291	350	448
33.jpg	69	64	139	134	250	314
206.jpg	69	132	208	271	350	447
35.jpg	31	171	65	205	240	240
36.jpg	96	129	170	203	222	318
37.jpg	168	141	264	237	350	437
105.jpg	139	42	208	111	350	465
40.jpg	55	68	119	132	200	200
41.jpg	168	116	229	177	350	466
43.jpg	145	125	233	213	350	525
44.jpg	128	53	235	160	350	348
45.jpg	142	82	237	177	350	476
48.jpg	5	41	115	151	132	160
49.jpg	28	105	275	352	300	400
80.jpg	16	157	232	373	350	439
51.jpg	36	66	85	115	200	191
52.jpg	39	35	68	64	103	129
53.jpg	48	51	91	94	108	160
54.jpg	55	96	87	128	144	196
55.jpg	158	56	210	108	350	428
56.jpg	28	40	71	83	120	151
57.jpg	132	75	204	147	319	400
59.jpg	33	64	88	119	103	160
60.jpg	51	155	266	370	339	400
61.jpg	34	48	83	97	120	160
63.jpg	77	26	108	57	200	230
65.jpg	100	70	164	134	350	437
67.jpg	70	191	215	336	350	523
68.jpg	201	126	282	207	350	404
70.jpg	55	80	138	163	163	240
71.jpg	123	232	212	321	350	461
72.jpg	156	104	194	142	214	300
73.jpg	85	139	156	210	250	348
76.jpg	80	107	165	192	273	410
77.jpg	56	97	158	199	251	341
79.jpg	75	153	140	218	293	450
82.jpg	149	96	274	221	350	296
83.jpg	48	40	101	93	120	145
84.jpg	51	99	119	167	228	280
86.jpg	45	49	81	85	125	156
89.jpg	79	50	122	93	200	275
91.jpg	162	56	211	105	350	196
92.jpg	114	163	253	302	314	450
93.jpg	40	34	89	83	125	100
94.jpg	142	224	276	358	350	456
97.jpg	19	171	262	414	350	436
98.jpg	74	45	169	140	254	366
99.jpg	114	160	237	283	350	375
100.jpg	137	158	230	251	350	480
101.jpg	76	84	137	145	210	260
102.jpg	4	157	213	366	344	487
104.jpg	99	148	204	253	350	452
108.jpg	44	94	149	199	178	240
110.jpg	38	70	157	189	244	348
111.jpg	61	51	149	139	165	207
214.jpg	91	114	191	214	350	466
113.jpg	15	44	58	87	108	148
114.jpg	68	31	139	102	200	150
117.jpg	125	84	200	159	350	439
120.jpg	135	29	178	72	318	398
121.jpg	87	52	160	125	282	372
123.jpg	19	94	103	178	350	490
124.jpg	119	120	160	161	350	262
125.jpg	207	95	310	198	350	349
127.jpg	30	23	63	56	107	150
128.jpg	152	93	260	201	350	449
129.jpg	138	144	185	191	350	441
130.jpg	126	132	197	203	350	438
131.jpg	89	125	216	252	350	440
133.jpg	110	124	138	152	181	250
134.jpg	61	13	92	44	125	100
135.jpg	128	109	236	217	350	448
142.jpg	35	59	90	114	150	190
144.jpg	92	139	142	189	350	353
145.jpg	27	27	99	99	103	115
147.jpg	33	121	149	237	350	364
152.jpg	147	73	222	148	350	341
154.jpg	241	131	281	171	300	429
155.jpg	122	96	224	198	350	434
156.jpg	121	138	262	279	350	458
159.jpg	157	68	236	147	350	374
161.jpg	95	99	201	205	350	489
163.jpg	146	54	215	123	350	366
165.jpg	53	34	106	87	149	150
167.jpg	95	114	205	224	350	350
169.jpg	139	318	166	345	350	440
172.jpg	83	114	206	237	350	499
174.jpg	126	148	297	319	350	466
176.jpg	92	137	178	223	350	525
177.jpg	54	39	109	94	150	200
179.jpg	31	36	61	66	106	128
180.jpg	54	27	89	62	135	135
187.jpg	136	64	198	126	350	429
182.jpg	138	80	228	170	350	440
184.jpg	197	97	263	163	350	490
185.jpg	202	77	279	154	350	350
186.jpg	112	112	221	221	350	442
189.jpg	129	86	213	170	350	262
190.jpg	105	127	206	228	350	471
191.jpg	88	59	115	86	150	150
192.jpg	85	92	210	217	350	457
193.jpg	63	92	139	168	260	195
194.jpg	121	102	188	169	314	400
195.jpg	9	36	50	77	178	250
196.jpg	141	79	212	150	350	248
197.jpg	106	98	240	232	350	447
199.jpg	73	29	97	53	180	180
200.jpg	26	57	66	97	100	124
202.jpg	84	100	195	211	350	435
204.jpg	114	106	221	213	350	451
205.jpg	129	97	231	199	350	437
207.jpg	51	34	109	92	150	192
213.jpg	63	185	238	360	350	526
215.jpg	141	174	259	292	350	447
217.jpg	71	108	155	192	300	450
218.jpg	74	99	144	169	350	233
