213.jpg	106	148	272	314	350	437
168.jpg	226	79	289	142	350	301
3.jpg	51	110	92	151	160	219
103.jpg	137	64	214	141	350	218
5.jpg	81	20	108	47	128	114
61.jpg	64	99	172	207	300	399
54.jpg	78	105	204	231	288	337
9.jpg	46	89	122	165	200	300
11.jpg	63	45	117	99	195	298
150.jpg	166	88	291	213	350	522
13.jpg	77	58	164	145	200	200
14.jpg	207	47	259	99	350	351
16.jpg	80	44	113	77	175	245
35.jpg	131	65	182	116	350	466
173.jpg	158	95	288	225	350	350
21.jpg	95	41	134	80	320	240
117.jpg	30	54	117	141	202	303
24.jpg	77	86	179	188	200	301
25.jpg	45	30	76	61	124	120
26.jpg	52	57	127	132	180	240
27.jpg	59	50	106	97	174	245
161.jpg	76	63	157	144	200	225
33.jpg	93	54	155	116	242	182
155.jpg	152	74	237	159	350	262
36.jpg	58	50	126	118	150	150
37.jpg	52	87	205	240	219	300
38.jpg	46	52	115	121	150	224
39.jpg	66	46	147	127	175	215
41.jpg	117	54	156	93	199	267
43.jpg	40	64	106	130	144	204
46.jpg	72	95	144	167	262	350
47.jpg	77	49	140	112	240	155
50.jpg	81	46	127	92	198	189
104.jpg	67	58	128	119	153	193
114.jpg	212	99	258	145	350	237
55.jpg	90	49	130	89	200	280
56.jpg	129	72	168	111	230	306
58.jpg	41	36	92	87	120	120
60.jpg	40	90	153	203	245	336
66.jpg	14	53	80	119	136	200
67.jpg	40	69	149	178	200	258
69.jpg	148	90	212	154	350	214
70.jpg	100	111	231	242	300	300
80.jpg	182	103	262	183	350	289
76.jpg	99	34	127	62	145	100
188.jpg	174	103	260	189	350	525
78.jpg	92	37	270	215	320	240
79.jpg	94	36	155	97	225	275
81.jpg	76	103	211	238	285	285
82.jpg	59	17	89	47	120	120
83.jpg	12	98	135	221	230	306
86.jpg	93	55	171	133	220	283
107.jpg	82	63	214	195	280	280
89.jpg	60	24	116	80	160	120
90.jpg	17	40	66	89	216	130
91.jpg	105	18	265	178	350	237
92.jpg	135	115	209	189	350	315
94.jpg	42	36	93	87	125	125
95.jpg	196	116	280	200	350	300
97.jpg	55	40	90	75	153	196
98.jpg	85	29	125	69	200	298
99.jpg	140	115	224	199	350	427
100.jpg	64	104	267	307	350	526
106.jpg	51	35	98	82	240	173
109.jpg	128	65	216	153	320	240
110.jpg	74	49	147	122	200	150
111.jpg	92	144	116	168	350	262
118.jpg	109	48	172	111	200	250
119.jpg	94	167	296	369	333	500
120.jpg	230	295	276	341	350	504
121.jpg	94	49	150	105	249	249
122.jpg	76	54	130	108	215	161
123.jpg	72	46	150	124	190	150
124.jpg	26	45	104	123	176	212
129.jpg	39	75	146	182	199	290
130.jpg	174	79	309	214	350	254
132.jpg	99	143	227	271	346	400
136.jpg	18	6	148	136	226	170
139.jpg	57	48	97	88	114	150
143.jpg	24	48	75	99	102	128
144.jpg	43	83	236	276	300	400
145.jpg	97	29	126	58	240	240
147.jpg	47	64	122	139	215	161
148.jpg	110	96	213	199	283	283
149.jpg	41	45	87	91	117	126
152.jpg	65	95	183	213	250	357
157.jpg	52	64	122	134	200	300
159.jpg	149	28	199	78	350	232
162.jpg	228	84	283	139	350	328
163.jpg	122	56	206	140	350	372
193.jpg	108	163	272	327	350	497
175.jpg	110	91	184	165	350	529
196.jpg	174	136	238	200	350	460
186.jpg	98	58	199	159	244	183
207.jpg	209	58	256	105	350	350
191.jpg	68	35	138	105	180	121
195.jpg	202	192	279	269	350	488
197.jpg	124	32	155	63	220	220
198.jpg	223	79	274	130	350	232
199.jpg	156	137	265	246	310	340
203.jpg	94	165	235	306	350	525
204.jpg	40	34	108	102	135	135
208.jpg	219	62	273	116	350	500
211.jpg	47	116	248	317	271	415
