0.jpg	60	22	87	49	155	116
339.jpg	92	115	244	267	350	350
134.jpg	47	68	131	152	150	200
404.jpg	81	91	224	234	333	444
4.jpg	41	50	87	96	130	190
5.jpg	135	60	205	130	350	525
6.jpg	51	41	80	70	135	135
587.jpg	45	42	104	101	350	279
8.jpg	41	43	101	103	215	280
749.jpg	88	66	149	127	350	296
1458.jpg	129	106	233	210	350	648
11.jpg	107	63	226	182	328	500
508.jpg	12	72	179	239	280	390
13.jpg	161	71	283	193	350	476
14.jpg	128	55	182	109	350	384
15.jpg	28	32	65	69	100	150
352.jpg	130	68	204	142	300	300
1137.jpg	109	137	261	289	350	525
1024.jpg	36	84	109	157	350	262
829.jpg	149	38	246	135	350	350
1407.jpg	133	76	196	139	350	475
77.jpg	78	89	165	176	350	498
22.jpg	8	31	124	147	350	262
851.jpg	123	23	198	98	350	478
25.jpg	72	61	131	120	200	271
127.jpg	115	32	172	89	350	269
29.jpg	161	65	212	116	350	262
31.jpg	34	44	63	73	100	100
1069.jpg	134	44	206	116	350	499
585.jpg	106	89	222	205	350	423
873.jpg	138	90	222	174	350	532
38.jpg	118	22	145	49	200	150
39.jpg	4	35	119	150	150	171
1582.jpg	99	97	236	234	350	511
41.jpg	114	79	189	154	350	437
1230.jpg	144	140	225	221	350	524
489.jpg	73	120	221	268	350	519
44.jpg	131	88	218	175	350	574
947.jpg	102	47	226	171	350	262
579.jpg	95	101	224	230	350	496
416.jpg	115	110	171	166	350	463
48.jpg	62	81	154	173	350	262
1594.jpg	72	66	178	172	213	320
50.jpg	160	62	207	109	350	262
52.jpg	105	144	253	292	350	386
1132.jpg	167	79	245	157	350	456
55.jpg	63	23	111	71	200	150
56.jpg	20	50	66	96	118	170
57.jpg	129	81	202	154	350	575
59.jpg	45	64	97	116	143	200
60.jpg	162	54	279	171	350	486
1128.jpg	129	31	170	72	350	262
63.jpg	114	61	302	249	350	338
65.jpg	65	39	116	90	200	216
1445.jpg	87	36	262	211	350	262
810.jpg	41	52	98	109	140	140
69.jpg	140	44	182	86	350	525
353.jpg	99	75	160	136	288	350
74.jpg	201	41	236	76	350	204
526.jpg	129	42	237	150	350	483
79.jpg	3	109	116	222	225	315
937.jpg	160	59	222	121	350	500
726.jpg	99	165	188	254	350	525
1476.jpg	125	89	220	184	350	503
931.jpg	133	83	251	201	350	487
85.jpg	23	62	71	110	111	140
1090.jpg	134	48	204	118	350	538
980.jpg	113	51	165	103	350	262
1471.jpg	119	66	183	130	350	475
210.jpg	21	29	98	106	150	150
93.jpg	110	38	169	97	240	301
94.jpg	21	26	88	93	112	150
95.jpg	114	78	190	154	323	400
249.jpg	70	44	128	102	343	257
176.jpg	51	84	116	149	200	308
102.jpg	35	51	107	123	213	280
103.jpg	74	49	114	89	185	140
988.jpg	179	49	238	108	350	280
106.jpg	27	15	55	43	135	102
107.jpg	114	44	156	86	239	320
513.jpg	81	76	161	156	250	313
109.jpg	61	68	142	149	180	315
111.jpg	79	34	176	131	270	260
113.jpg	27	24	93	90	130	104
114.jpg	24	103	183	262	300	412
115.jpg	15	68	157	210	350	334
116.jpg	53	106	175	228	270	400
118.jpg	60	54	108	102	225	338
119.jpg	88	103	188	203	350	331
371.jpg	62	91	138	167	202	252
122.jpg	97	39	129	71	250	389
123.jpg	104	44	141	81	350	525
124.jpg	98	96	143	141	280	400
857.jpg	117	95	207	185	350	262
130.jpg	126	112	211	197	350	408
236.jpg	71	43	132	104	223	400
1381.jpg	114	40	190	116	350	262
133.jpg	112	117	212	217	350	519
135.jpg	55	35	86	66	150	141
136.jpg	86	25	120	59	204	250
140.jpg	161	30	188	57	220	165
141.jpg	177	141	272	236	350	527
142.jpg	58	8	87	37	135	135
144.jpg	15	36	45	66	106	110
1625.jpg	134	52	203	121	350	325
1360.jpg	97	120	170	193	350	669
147.jpg	118	49	185	116	350	350
899.jpg	144	60	217	133	350	262
150.jpg	61	33	88	60	164	219
833.jpg	98	111	192	205	350	466
152.jpg	53	42	103	92	150	222
1645.jpg	155	76	278	199	350	445
154.jpg	138	63	203	128	350	549
155.jpg	41	128	181	268	282	367
156.jpg	123	78	221	176	313	400
158.jpg	55	34	90	69	144	205
159.jpg	168	56	217	105	350	262
160.jpg	70	36	134	100	285	342
1233.jpg	101	61	205	165	350	262
163.jpg	20	38	88	106	120	120
1362.jpg	136	75	207	146	350	572
166.jpg	59	32	92	65	150	209
331.jpg	96	95	289	288	350	486
1589.jpg	124	100	229	205	350	413
1542.jpg	170	94	253	177	350	526
185.jpg	104	47	236	179	350	451
186.jpg	48	27	76	55	122	152
189.jpg	142	98	226	182	350	435
192.jpg	82	30	114	62	155	240
1484.jpg	135	69	197	131	350	429
195.jpg	102	150	146	194	300	400
1587.jpg	124	66	205	147	350	456
837.jpg	59	60	136	137	170	183
201.jpg	124	65	181	122	350	485
202.jpg	115	91	204	180	308	400
1157.jpg	153	53	234	134	350	295
936.jpg	63	134	153	224	194	305
206.jpg	21	29	50	58	150	205
208.jpg	262	34	300	72	350	262
209.jpg	43	28	72	57	123	170
212.jpg	89	169	197	277	260	421
213.jpg	71	53	133	115	206	221
215.jpg	42	28	69	55	125	187
1372.jpg	130	9	218	97	350	491
217.jpg	99	38	163	102	350	344
545.jpg	114	106	208	200	321	362
219.jpg	109	74	154	119	300	400
680.jpg	139	107	237	205	350	523
1322.jpg	115	115	255	255	350	524
223.jpg	77	45	130	98	150	222
596.jpg	138	42	211	115	350	262
237.jpg	85	59	189	163	225	300
226.jpg	78	34	106	62	180	223
647.jpg	80	94	177	191	307	384
231.jpg	130	97	191	158	350	538
1108.jpg	155	131	257	233	350	350
233.jpg	130	46	224	140	320	240
234.jpg	232	33	283	84	350	262
787.jpg	114	78	260	224	320	320
238.jpg	144	50	202	108	350	262
823.jpg	56	101	132	177	250	364
541.jpg	125	78	200	153	350	262
245.jpg	137	109	229	201	350	471
246.jpg	38	23	64	49	110	170
1218.jpg	72	17	131	76	350	262
252.jpg	124	56	196	128	350	455
1023.jpg	92	68	190	166	350	455
254.jpg	105	87	200	182	350	565
1221.jpg	125	89	226	190	350	487
256.jpg	56	38	88	70	185	250
300.jpg	146	78	227	159	350	475
1413.jpg	137	31	220	114	350	556
263.jpg	63	46	132	115	220	317
722.jpg	85	79	165	159	289	550
415.jpg	143	42	200	99	350	262
267.jpg	82	87	159	164	260	328
268.jpg	101	17	129	45	150	102
269.jpg	54	17	81	44	124	170
1327.jpg	147	95	234	182	350	472
756.jpg	156	54	231	129	350	262
272.jpg	60	58	115	113	200	240
276.jpg	129	48	234	153	350	452
1170.jpg	16	63	183	230	350	262
278.jpg	109	29	165	85	300	480
279.jpg	67	74	152	159	350	541
280.jpg	122	136	235	249	350	522
281.jpg	74	32	105	63	170	255
981.jpg	163	67	219	123	350	475
284.jpg	31	24	76	69	136	180
285.jpg	40	19	90	69	140	200
286.jpg	137	95	207	165	350	553
287.jpg	56	24	82	50	135	165
289.jpg	71	48	132	109	200	278
291.jpg	108	28	148	68	250	186
293.jpg	90	103	168	181	300	447
296.jpg	109	49	181	121	300	349
299.jpg	120	49	180	109	350	480
301.jpg	117	19	146	48	200	150
302.jpg	28	24	82	78	150	113
390.jpg	128	84	206	162	350	466
609.jpg	53	75	179	201	312	311
306.jpg	48	26	78	56	114	170
309.jpg	73	75	176	178	300	300
311.jpg	166	46	222	102	239	300
1447.jpg	95	91	202	198	350	459
313.jpg	114	71	179	136	350	465
675.jpg	139	72	214	147	350	448
924.jpg	138	54	217	133	350	481
316.jpg	59	59	151	151	211	300
317.jpg	37	30	99	92	130	105
318.jpg	18	94	52	128	188	150
320.jpg	46	37	76	67	111	145
968.jpg	85	38	124	77	350	281
324.jpg	76	59	157	140	260	160
1492.jpg	64	43	155	134	350	262
328.jpg	32	33	64	65	100	147
1035.jpg	149	44	207	102	350	459
880.jpg	56	33	99	76	350	297
332.jpg	56	30	83	57	150	214
333.jpg	50	108	193	251	250	375
1298.jpg	69	60	255	246	350	399
964.jpg	199	56	303	160	350	476
337.jpg	163	80	250	167	334	450
338.jpg	96	33	138	75	200	150
521.jpg	103	81	168	146	320	320
472.jpg	143	44	197	98	320	437
345.jpg	111	58	179	126	350	456
347.jpg	126	100	241	215	350	528
350.jpg	132	106	242	216	326	500
351.jpg	125	85	195	155	350	252
553.jpg	117	61	226	170	350	473
665.jpg	79	53	137	111	251	376
358.jpg	33	17	61	45	110	160
1371.jpg	144	80	210	146	350	450
789.jpg	104	57	226	179	313	240
363.jpg	36	26	76	66	120	120
365.jpg	113	69	170	126	250	376
1269.jpg	57	56	118	117	220	320
367.jpg	111	99	183	171	350	525
368.jpg	28	21	55	48	128	128
369.jpg	34	39	95	100	137	184
1012.jpg	118	106	242	230	350	364
373.jpg	36	36	83	83	135	180
1440.jpg	200	80	285	165	350	820
552.jpg	157	109	209	161	350	456
381.jpg	29	22	56	49	130	130
383.jpg	52	19	98	65	133	100
771.jpg	72	88	152	168	350	563
1517.jpg	120	138	239	257	350	560
758.jpg	137	89	199	151	350	262
952.jpg	144	72	225	153	350	450
398.jpg	58	38	126	106	200	267
1056.jpg	125	49	183	107	350	262
400.jpg	59	40	92	73	127	214
405.jpg	132	98	215	181	350	467
406.jpg	87	116	180	209	350	430
1173.jpg	73	75	208	210	322	448
410.jpg	77	9	106	38	135	102
957.jpg	114	57	164	107	350	262
1169.jpg	129	43	182	96	350	262
418.jpg	124	121	260	257	350	449
703.jpg	74	96	164	186	267	400
423.jpg	130	82	233	185	350	548
424.jpg	45	20	74	49	100	130
427.jpg	27	4	55	32	100	100
428.jpg	96	32	135	71	170	128
429.jpg	71	39	105	73	200	214
430.jpg	74	23	103	52	162	163
431.jpg	102	43	143	84	250	443
1268.jpg	137	55	205	123	350	350
438.jpg	108	92	207	191	300	375
1111.jpg	141	65	208	132	350	505
441.jpg	60	82	188	210	350	262
445.jpg	119	56	208	145	350	267
446.jpg	58	89	110	141	350	500
447.jpg	151	62	228	139	350	525
450.jpg	120	51	179	110	350	488
452.jpg	82	59	144	121	223	305
454.jpg	41	31	85	75	100	100
456.jpg	85	70	262	247	350	445
1239.jpg	123	83	202	162	350	525
467.jpg	143	26	184	67	350	437
469.jpg	42	30	77	65	107	120
471.jpg	111	162	253	304	350	436
475.jpg	128	77	171	120	285	430
476.jpg	138	90	242	194	350	350
479.jpg	138	75	219	156	350	538
482.jpg	208	49	261	102	350	262
483.jpg	114	36	149	71	306	442
484.jpg	122	112	207	197	350	262
991.jpg	131	123	198	190	350	525
490.jpg	75	85	151	161	294	255
826.jpg	199	117	274	192	350	262
1354.jpg	102	101	200	199	350	475
494.jpg	159	86	252	179	350	333
496.jpg	162	61	210	109	350	533
501.jpg	62	30	95	63	135	102
588.jpg	127	72	205	150	350	215
1650.jpg	70	38	276	244	350	262
1449.jpg	129	32	203	106	350	350
509.jpg	115	91	201	177	350	520
511.jpg	44	28	85	69	126	150
516.jpg	68	44	119	95	200	255
518.jpg	91	80	182	171	300	450
520.jpg	78	56	137	115	240	320
524.jpg	86	12	136	62	350	150
527.jpg	28	36	79	87	135	165
575.jpg	80	52	201	173	250	200
532.jpg	98	17	126	45	170	128
1112.jpg	104	79	192	167	350	262
1178.jpg	149	83	189	123	350	263
538.jpg	27	16	92	81	159	120
540.jpg	103	71	190	158	350	394
544.jpg	83	32	112	61	162	202
546.jpg	89	98	183	192	284	400
547.jpg	126	48	209	131	281	211
557.jpg	116	80	247	211	338	425
558.jpg	104	132	183	211	350	528
559.jpg	173	67	220	114	326	500
560.jpg	32	28	88	84	240	320
562.jpg	55	18	97	60	150	200
563.jpg	111	56	164	109	284	400
1129.jpg	146	54	242	150	350	435
566.jpg	69	71	150	152	215	305
569.jpg	35	4	69	38	100	100
1285.jpg	25	12	150	137	350	465
572.jpg	93	108	161	176	350	459
573.jpg	103	121	248	266	350	525
576.jpg	45	20	71	46	107	170
577.jpg	153	59	258	164	350	235
582.jpg	101	102	189	190	350	396
583.jpg	63	54	142	133	221	300
586.jpg	81	55	115	89	230	306
590.jpg	93	14	121	42	150	113
597.jpg	144	68	210	134	350	476
599.jpg	128	73	192	137	350	555
602.jpg	57	48	164	155	221	313
604.jpg	74	64	116	106	275	400
605.jpg	34	60	83	109	119	170
610.jpg	84	14	112	42	149	112
612.jpg	154	54	263	163	350	459
614.jpg	127	17	155	45	200	150
615.jpg	153	180	287	314	350	498
616.jpg	37	43	90	96	141	170
618.jpg	42	42	71	71	130	161
619.jpg	84	33	119	68	166	216
1402.jpg	75	62	189	176	350	557
621.jpg	97	119	217	239	350	553
623.jpg	105	40	148	83	200	360
628.jpg	103	63	159	119	310	450
630.jpg	114	79	200	165	260	387
1485.jpg	99	54	171	126	333	600
635.jpg	129	83	237	191	350	603
636.jpg	35	70	99	134	170	272
637.jpg	111	80	208	177	350	262
1603.jpg	102	145	183	226	350	462
643.jpg	173	65	250	142	350	560
644.jpg	99	11	132	44	170	127
646.jpg	48	25	76	53	113	170
648.jpg	142	102	202	162	350	446
649.jpg	164	47	222	105	350	250
652.jpg	97	35	168	106	350	234
653.jpg	45	14	72	41	118	160
654.jpg	32	37	58	63	110	110
655.jpg	70	89	170	189	290	434
659.jpg	169	73	226	130	300	470
661.jpg	34	36	86	88	143	183
706.jpg	130	67	208	145	350	476
663.jpg	90	8	115	33	170	128
667.jpg	173	87	238	152	350	284
670.jpg	204	138	293	227	350	460
671.jpg	68	27	105	64	160	229
672.jpg	90	90	188	188	300	225
883.jpg	66	86	175	195	350	556
681.jpg	132	57	198	123	297	400
684.jpg	53	35	93	75	150	200
685.jpg	42	29	71	58	170	113
686.jpg	56	67	90	101	166	214
687.jpg	57	50	102	95	122	162
688.jpg	34	29	69	64	100	100
691.jpg	41	11	146	116	300	179
695.jpg	103	178	236	311	320	480
1420.jpg	52	45	82	75	145	206
1564.jpg	85	48	136	99	160	160
707.jpg	145	89	201	145	350	482
709.jpg	154	25	181	52	350	218
710.jpg	175	157	280	262	350	535
713.jpg	117	175	172	230	276	400
714.jpg	263	54	301	92	350	272
923.jpg	139	77	238	176	350	462
716.jpg	41	36	66	61	108	150
719.jpg	136	192	180	236	350	515
724.jpg	199	41	306	148	350	250
727.jpg	171	42	199	70	350	261
729.jpg	19	42	73	96	109	164
730.jpg	36	18	124	106	160	160
732.jpg	15	44	69	98	115	167
736.jpg	80	51	228	199	300	225
738.jpg	263	35	300	72	350	262
740.jpg	44	32	70	58	113	170
741.jpg	107	175	238	306	350	525
742.jpg	81	16	111	46	160	120
750.jpg	122	61	168	107	277	400
752.jpg	184	81	272	169	350	445
759.jpg	85	97	189	201	350	524
760.jpg	234	43	313	122	350	451
1579.jpg	76	149	212	285	350	530
765.jpg	77	29	107	59	150	117
767.jpg	131	62	194	125	350	412
770.jpg	74	17	101	44	168	168
772.jpg	21	16	45	40	104	104
1568.jpg	133	86	193	146	350	533
778.jpg	43	20	95	72	135	102
779.jpg	170	79	238	147	350	539
780.jpg	62	65	101	104	200	361
784.jpg	19	53	85	119	124	180
790.jpg	124	49	189	114	350	522
791.jpg	60	27	85	52	155	191
796.jpg	63	51	133	121	350	300
801.jpg	113	61	170	118	250	187
805.jpg	42	31	77	66	110	166
806.jpg	87	103	180	196	350	524
809.jpg	88	78	184	174	300	398
813.jpg	154	50	239	135	350	469
814.jpg	62	32	109	79	180	180
815.jpg	96	96	212	212	350	437
816.jpg	34	26	92	84	150	150
1194.jpg	138	36	187	85	350	343
820.jpg	86	5	292	211	350	262
830.jpg	67	55	116	104	350	326
836.jpg	63	73	115	125	280	400
1511.jpg	134	39	191	96	320	480
845.jpg	87	45	126	84	200	293
846.jpg	146	27	177	58	205	280
849.jpg	148	88	205	145	350	473
854.jpg	115	52	157	94	350	576
855.jpg	101	142	212	253	350	525
1004.jpg	70	57	140	127	217	300
858.jpg	117	54	161	98	218	300
860.jpg	81	83	179	181	271	400
861.jpg	111	45	162	96	264	420
864.jpg	182	154	271	243	350	523
966.jpg	169	17	214	62	350	262
867.jpg	47	32	74	59	112	160
869.jpg	162	60	223	121	350	197
872.jpg	114	91	199	176	296	400
876.jpg	124	10	157	43	200	150
879.jpg	80	23	110	53	160	120
1394.jpg	121	100	219	198	350	262
885.jpg	104	0	202	98	350	443
887.jpg	114	50	174	110	350	456
890.jpg	126	97	203	174	300	400
892.jpg	74	103	192	221	350	517
893.jpg	120	56	183	119	280	400
896.jpg	177	81	253	157	350	336
897.jpg	164	103	260	199	350	420
900.jpg	123	95	190	162	350	488
901.jpg	101	161	224	284	350	458
904.jpg	153	116	222	185	350	435
1410.jpg	126	46	193	113	350	452
912.jpg	140	103	199	162	350	544
914.jpg	47	32	72	57	108	150
918.jpg	125	77	194	146	350	552
919.jpg	53	176	129	252	350	495
925.jpg	102	121	212	231	350	502
926.jpg	153	115	215	177	350	488
927.jpg	177	65	228	116	350	262
928.jpg	93	58	211	176	350	504
930.jpg	168	53	226	111	350	438
938.jpg	44	27	75	58	142	192
941.jpg	88	63	154	129	350	337
944.jpg	122	108	183	169	350	467
948.jpg	42	31	71	60	100	150
1369.jpg	123	99	229	205	350	483
954.jpg	28	19	81	72	124	201
959.jpg	187	19	238	70	350	488
960.jpg	130	47	195	112	292	400
965.jpg	123	54	187	118	350	562
971.jpg	153	143	316	306	350	519
975.jpg	222	131	249	158	350	262
976.jpg	130	39	175	84	350	479
983.jpg	95	99	196	200	300	450
984.jpg	28	46	53	71	128	160
985.jpg	110	39	147	76	274	354
987.jpg	54	20	81	47	140	175
998.jpg	149	142	235	228	350	548
1000.jpg	126	101	199	174	350	479
1001.jpg	185	73	255	143	350	462
1417.jpg	132	96	249	213	350	474
1003.jpg	105	62	162	119	240	340
1009.jpg	138	109	206	177	350	565
1016.jpg	3	27	129	153	350	262
1017.jpg	140	65	194	119	350	467
1020.jpg	56	21	84	49	130	176
1022.jpg	175	25	263	113	350	262
1029.jpg	157	69	217	129	350	509
1031.jpg	100	174	226	300	350	524
1032.jpg	36	55	87	106	150	220
1037.jpg	92	22	142	72	262	420
1038.jpg	124	72	222	170	350	456
1041.jpg	224	38	260	74	350	262
1049.jpg	128	105	203	180	350	500
1051.jpg	135	61	210	136	350	416
1052.jpg	129	97	217	185	295	400
1054.jpg	205	39	249	83	350	262
1055.jpg	34	23	70	59	107	160
1058.jpg	109	88	232	211	350	445
1063.jpg	78	15	122	59	200	150
1067.jpg	27	134	193	300	300	450
1070.jpg	116	55	176	115	350	468
1074.jpg	44	55	72	83	114	165
1075.jpg	142	41	206	105	350	295
1076.jpg	127	115	185	173	249	318
1082.jpg	102	24	127	49	170	128
1084.jpg	79	95	164	180	290	400
1088.jpg	141	93	236	188	350	534
1089.jpg	92	103	206	217	283	425
1093.jpg	107	106	210	209	350	469
1094.jpg	41	21	67	47	106	160
1095.jpg	104	78	193	167	350	279
1099.jpg	104	154	212	262	350	537
1514.jpg	196	43	254	101	350	262
1101.jpg	30	84	103	157	350	261
1103.jpg	97	45	166	114	350	416
1117.jpg	243	27	285	69	350	279
1118.jpg	51	74	147	170	350	262
1432.jpg	133	64	247	178	350	468
1126.jpg	142	113	239	210	275	374
1133.jpg	143	31	198	86	350	424
1136.jpg	136	24	203	91	350	465
1140.jpg	61	98	159	196	260	392
1318.jpg	153	75	224	146	350	527
1147.jpg	78	84	130	136	350	435
1237.jpg	133	125	231	223	350	540
1669.jpg	194	77	271	154	350	397
1160.jpg	31	38	76	83	122	150
1494.jpg	105	37	147	79	350	294
1165.jpg	42	17	70	45	120	156
1171.jpg	141	79	193	131	350	438
1174.jpg	58	34	162	138	245	300
1175.jpg	133	102	201	170	350	561
1177.jpg	132	76	195	139	350	554
1182.jpg	108	164	284	340	350	447
1184.jpg	151	65	198	112	350	432
1186.jpg	77	83	151	157	260	305
1192.jpg	177	36	224	83	350	451
1199.jpg	142	49	244	151	350	324
1201.jpg	159	45	197	83	350	503
1202.jpg	43	21	72	50	104	128
1203.jpg	88	119	201	232	350	523
1208.jpg	150	41	220	111	350	506
1209.jpg	208	25	266	83	350	498
1210.jpg	151	82	277	208	350	542
1214.jpg	226	32	269	75	350	262
1215.jpg	46	22	77	53	120	160
1217.jpg	98	37	171	110	350	542
1220.jpg	132	61	201	130	240	180
1616.jpg	128	38	228	138	350	420
1224.jpg	86	58	125	97	200	321
1225.jpg	38	40	85	87	130	180
1577.jpg	52	240	94	282	350	483
1231.jpg	109	114	228	233	345	500
1236.jpg	114	101	223	210	350	430
1238.jpg	141	72	206	137	350	262
1243.jpg	128	126	264	262	350	525
1244.jpg	116	95	208	187	350	544
1245.jpg	33	26	59	52	105	150
1247.jpg	60	41	104	85	200	145
1248.jpg	138	84	204	150	350	546
1250.jpg	128	38	170	80	350	257
1251.jpg	74	104	105	135	189	300
1252.jpg	69	24	97	52	191	300
1253.jpg	116	106	211	201	300	432
1258.jpg	126	33	170	77	350	262
1259.jpg	169	57	239	127	350	262
1264.jpg	21	47	66	92	110	165
1501.jpg	152	83	204	135	350	429
1267.jpg	62	66	128	132	208	300
1271.jpg	46	41	87	82	136	170
1273.jpg	221	33	292	104	350	262
1278.jpg	52	56	126	130	200	297
1279.jpg	148	53	217	122	350	480
1281.jpg	155	83	209	137	350	475
1282.jpg	108	52	156	100	258	400
1283.jpg	125	65	196	136	297	400
1288.jpg	56	105	160	209	273	400
1290.jpg	100	120	198	218	299	448
1291.jpg	30	45	98	113	350	443
1292.jpg	74	50	113	89	250	333
1293.jpg	139	87	277	225	350	434
1294.jpg	32	32	66	66	108	120
1296.jpg	73	17	101	45	150	150
1297.jpg	159	100	236	177	350	650
1300.jpg	127	64	195	132	350	350
1301.jpg	161	104	229	172	350	503
1304.jpg	158	11	232	85	350	501
1308.jpg	125	81	217	173	350	406
1309.jpg	93	96	164	167	292	400
1310.jpg	27	38	59	70	109	164
1317.jpg	49	25	78	54	110	150
1319.jpg	77	28	120	71	200	298
1325.jpg	15	32	44	61	128	128
1330.jpg	105	84	206	185	350	525
1332.jpg	41	42	84	85	159	240
1333.jpg	38	32	71	65	121	170
1338.jpg	59	40	111	92	180	268
1339.jpg	63	30	118	85	181	300
1345.jpg	39	45	72	78	119	165
1347.jpg	154	70	225	141	350	549
1349.jpg	100	105	168	173	350	434
1580.jpg	148	85	264	201	350	482
1351.jpg	106	62	188	144	350	527
1356.jpg	138	77	223	162	350	448
1357.jpg	211	88	266	143	350	467
1363.jpg	154	56	185	87	333	480
1366.jpg	141	53	209	121	350	546
1368.jpg	160	72	195	107	350	526
1375.jpg	146	36	192	82	259	354
1377.jpg	95	54	162	121	225	275
1380.jpg	57	21	87	51	135	135
1382.jpg	76	48	127	99	350	262
1383.jpg	86	8	114	36	162	202
1387.jpg	107	70	190	153	350	454
1388.jpg	151	114	290	253	350	350
1389.jpg	114	21	141	48	173	109
1390.jpg	107	77	189	159	350	537
1392.jpg	148	60	202	114	350	431
1399.jpg	24	22	54	52	130	102
1403.jpg	144	42	183	81	350	525
1406.jpg	69	163	305	399	350	507
1611.jpg	158	38	214	94	350	466
1412.jpg	40	60	132	152	245	400
1414.jpg	106	39	148	81	240	320
1416.jpg	59	103	157	201	323	400
1423.jpg	29	26	60	57	110	150
1427.jpg	112	57	187	132	350	347
1428.jpg	146	87	251	192	350	262
1429.jpg	161	83	272	194	350	525
1433.jpg	98	80	184	166	306	425
1437.jpg	173	75	226	128	350	276
1439.jpg	129	28	201	100	350	477
1444.jpg	203	37	232	66	350	232
1448.jpg	54	22	89	57	141	176
1450.jpg	88	86	173	171	330	432
1454.jpg	67	52	159	144	350	249
1460.jpg	256	31	292	67	350	283
1461.jpg	59	0	95	36	140	140
1462.jpg	46	36	74	64	141	160
1463.jpg	37	4	130	97	135	102
1467.jpg	37	36	75	74	120	160
1473.jpg	159	126	261	228	350	561
1474.jpg	143	95	217	169	350	448
1482.jpg	146	74	213	141	350	528
1483.jpg	111	105	237	231	350	495
1486.jpg	198	93	305	200	350	262
1489.jpg	30	27	79	76	220	286
1490.jpg	107	89	177	159	350	545
1493.jpg	129	61	220	152	350	456
1495.jpg	21	107	47	133	161	201
1497.jpg	71	32	104	65	134	150
1498.jpg	38	35	84	81	175	131
1499.jpg	140	140	223	223	344	343
1500.jpg	128	39	184	95	350	262
1502.jpg	49	56	121	128	195	293
1503.jpg	175	66	224	115	350	245
1508.jpg	122	68	209	155	350	588
1596.jpg	151	58	224	131	350	499
1519.jpg	159	62	222	125	350	477
1522.jpg	47	14	77	44	125	125
1523.jpg	191	96	280	185	350	348
1524.jpg	143	57	250	164	350	416
1525.jpg	52	27	82	57	105	150
1527.jpg	45	31	84	70	135	135
1529.jpg	135	62	212	139	350	618
1531.jpg	48	83	125	160	235	231
1532.jpg	91	40	116	65	188	300
1535.jpg	52	17	82	47	135	102
1537.jpg	97	45	141	89	245	477
1544.jpg	195	77	262	144	350	518
1545.jpg	84	59	136	111	230	295
1549.jpg	126	89	213	176	350	468
1551.jpg	227	68	278	119	350	261
1555.jpg	70	112	161	203	350	482
1557.jpg	134	62	184	112	309	460
1558.jpg	97	117	176	196	350	524
1559.jpg	118	55	183	120	300	427
1560.jpg	31	46	64	79	110	160
1567.jpg	157	77	214	134	350	436
1569.jpg	42	29	73	60	112	150
1572.jpg	153	57	211	115	350	500
1593.jpg	49	41	94	86	130	190
1595.jpg	41	135	251	345	300	418
1597.jpg	161	57	219	115	350	523
1599.jpg	52	20	76	44	105	150
1601.jpg	128	146	268	286	350	524
1602.jpg	170	58	203	91	350	496
1605.jpg	131	21	172	62	200	150
1608.jpg	63	33	94	64	160	120
1612.jpg	153	50	279	176	350	491
1615.jpg	120	91	214	185	350	525
1617.jpg	28	50	74	96	141	176
1619.jpg	260	36	290	66	350	298
1620.jpg	131	132	261	262	350	481
1627.jpg	45	12	71	38	112	150
1628.jpg	89	94	200	205	350	448
1632.jpg	84	90	137	143	230	306
1634.jpg	121	143	217	239	350	459
1639.jpg	127	121	253	247	350	522
1643.jpg	105	73	182	150	300	286
1648.jpg	133	72	200	139	350	487
1651.jpg	51	54	118	121	250	167
1652.jpg	192	120	308	236	350	532
1657.jpg	99	17	127	45	160	120
1658.jpg	237	7	277	47	350	262
1660.jpg	60	50	107	97	204	275
1676.jpg	117	11	142	36	169	127
