937.jpg	87	99	201	213	350	526
1.jpg	150	122	245	217	350	523
1442.jpg	43	17	72	46	120	160
3.jpg	71	90	202	221	320	296
4.jpg	40	42	86	88	124	180
5.jpg	115	64	165	114	300	282
6.jpg	114	74	235	195	350	520
7.jpg	105	66	157	118	350	262
1030.jpg	128	94	228	194	350	518
1266.jpg	91	112	223	244	350	522
10.jpg	97	46	181	130	200	271
11.jpg	40	29	68	57	116	144
12.jpg	1	11	27	37	106	150
399.jpg	73	75	172	174	350	356
58.jpg	101	65	173	137	350	463
1170.jpg	131	104	252	225	350	477
16.jpg	13	21	60	68	160	160
375.jpg	85	115	240	270	330	413
1590.jpg	137	58	262	183	350	479
19.jpg	125	49	253	177	350	411
20.jpg	128	72	192	136	350	447
31.jpg	103	43	175	115	307	409
600.jpg	92	128	200	236	350	510
757.jpg	80	51	198	169	350	467
982.jpg	87	87	208	208	350	498
25.jpg	8	47	85	124	120	160
702.jpg	112	44	178	110	241	300
27.jpg	129	88	247	206	350	243
1106.jpg	119	67	200	148	350	262
29.jpg	138	85	271	218	341	512
199.jpg	71	90	208	227	350	262
808.jpg	86	78	197	189	350	464
33.jpg	57	29	87	59	138	176
34.jpg	120	61	235	176	350	542
576.jpg	94	67	174	147	350	350
412.jpg	130	106	219	195	350	443
170.jpg	111	67	235	191	350	466
147.jpg	144	75	229	160	350	427
308.jpg	127	34	178	85	350	262
54.jpg	82	65	170	153	308	378
942.jpg	111	39	164	92	350	432
42.jpg	64	26	135	97	150	110
647.jpg	146	168	228	250	350	566
996.jpg	60	105	177	222	245	329
1035.jpg	143	23	260	140	350	478
46.jpg	45	115	73	143	350	223
47.jpg	223	102	271	150	350	292
592.jpg	177	58	282	163	350	404
49.jpg	63	89	156	182	277	280
50.jpg	33	30	63	60	103	128
51.jpg	84	78	152	146	237	300
88.jpg	94	52	202	160	350	546
55.jpg	74	22	118	66	150	230
56.jpg	35	19	64	48	100	100
583.jpg	97	112	217	232	350	405
516.jpg	101	123	241	263	350	350
61.jpg	52	55	115	118	175	223
62.jpg	72	84	168	180	300	300
63.jpg	96	43	124	71	160	120
64.jpg	38	20	82	64	120	160
1020.jpg	128	53	203	128	350	466
66.jpg	60	23	102	65	180	240
67.jpg	123	27	156	60	285	210
72.jpg	90	101	200	211	350	442
73.jpg	135	59	192	116	316	390
74.jpg	63	43	159	139	305	255
1350.jpg	94	71	207	184	350	456
76.jpg	150	156	219	225	350	465
691.jpg	79	54	264	239	350	422
78.jpg	149	40	197	88	350	310
79.jpg	142	82	192	132	350	229
435.jpg	95	90	176	171	306	413
396.jpg	99	133	191	225	350	486
83.jpg	109	79	210	180	350	532
107.jpg	100	112	193	205	350	390
156.jpg	52	73	148	169	176	260
86.jpg	110	130	236	256	350	525
87.jpg	130	67	188	125	350	262
89.jpg	108	44	166	102	239	307
1065.jpg	131	91	249	209	350	445
91.jpg	7	12	84	89	100	100
92.jpg	54	36	109	91	184	200
93.jpg	91	141	262	312	350	388
1511.jpg	123	112	225	214	350	523
96.jpg	64	32	100	68	134	180
98.jpg	127	92	214	179	256	260
100.jpg	69	26	99	56	165	122
814.jpg	94	61	182	149	306	512
102.jpg	150	105	240	195	350	528
1353.jpg	114	132	241	259	350	576
105.jpg	108	81	247	220	350	355
397.jpg	69	72	187	190	256	324
109.jpg	56	23	88	55	150	150
1274.jpg	130	106	240	216	350	523
113.jpg	37	31	80	74	107	160
114.jpg	71	81	206	216	331	398
1598.jpg	135	105	244	214	350	473
1499.jpg	116	53	229	166	350	458
120.jpg	93	64	219	190	350	445
122.jpg	116	114	246	244	350	525
123.jpg	70	51	124	105	176	259
124.jpg	62	32	92	62	150	150
126.jpg	207	117	250	160	350	560
1323.jpg	123	90	239	206	350	526
129.jpg	40	66	105	131	150	200
1052.jpg	133	128	228	223	350	525
993.jpg	123	41	211	129	350	502
1300.jpg	81	107	195	221	350	527
135.jpg	244	62	283	101	350	196
136.jpg	86	62	166	142	300	256
137.jpg	73	32	149	108	215	280
740.jpg	128	27	203	102	350	495
139.jpg	28	25	58	55	102	150
975.jpg	97	115	214	232	350	522
142.jpg	101	59	153	111	275	425
144.jpg	75	81	214	220	317	310
812.jpg	137	65	280	208	350	522
146.jpg	153	39	208	94	350	227
148.jpg	190	140	266	216	350	486
1261.jpg	94	77	203	186	350	525
150.jpg	40	84	142	186	210	286
151.jpg	59	51	142	134	206	276
152.jpg	48	52	144	148	286	366
500.jpg	75	64	174	163	280	340
154.jpg	41	31	69	59	150	115
157.jpg	145	50	192	97	350	481
158.jpg	32	32	76	76	111	140
159.jpg	149	87	218	156	350	434
160.jpg	43	21	71	49	100	160
869.jpg	24	26	176	178	200	202
164.jpg	86	27	138	79	300	400
925.jpg	121	66	234	179	350	436
735.jpg	93	17	198	122	350	557
171.jpg	78	63	148	133	253	380
240.jpg	50	80	159	189	179	249
173.jpg	34	29	62	57	102	150
174.jpg	28	39	69	80	100	150
175.jpg	67	82	158	173	320	480
1374.jpg	245	181	304	240	350	555
177.jpg	122	54	244	176	350	233
694.jpg	187	80	252	145	350	466
179.jpg	149	74	197	122	350	607
180.jpg	119	67	161	109	230	306
181.jpg	102	60	150	108	350	284
183.jpg	108	71	214	177	300	300
852.jpg	101	98	202	199	350	524
185.jpg	42	20	67	45	124	165
189.jpg	66	51	131	116	200	200
190.jpg	60	30	112	82	350	280
191.jpg	43	26	74	57	103	128
194.jpg	65	48	97	80	165	220
195.jpg	45	32	97	84	150	130
197.jpg	129	74	186	131	350	448
198.jpg	46	49	91	94	165	120
201.jpg	43	32	104	93	150	185
703.jpg	132	86	225	179	350	497
203.jpg	126	77	234	185	350	752
204.jpg	86	23	112	49	146	110
1161.jpg	80	95	202	217	350	527
207.jpg	95	90	196	191	350	286
208.jpg	103	96	218	211	350	400
1322.jpg	72	63	160	151	350	350
211.jpg	80	67	171	158	293	370
212.jpg	181	35	254	108	350	467
213.jpg	30	15	56	41	109	164
214.jpg	19	49	75	105	111	170
217.jpg	102	143	240	281	350	534
218.jpg	104	175	244	315	350	486
1351.jpg	211	65	278	132	350	262
1613.jpg	97	115	238	256	350	491
223.jpg	65	31	91	57	111	150
910.jpg	160	75	256	171	350	501
225.jpg	196	112	257	173	350	255
226.jpg	41	30	85	74	150	113
229.jpg	52	23	105	76	135	180
230.jpg	21	42	129	150	350	451
231.jpg	109	93	228	212	316	445
232.jpg	97	135	241	279	350	450
233.jpg	120	51	158	89	350	232
236.jpg	82	71	177	166	320	433
944.jpg	117	116	252	251	350	525
239.jpg	120	44	197	121	350	480
569.jpg	46	35	89	78	150	200
708.jpg	83	57	181	155	350	474
246.jpg	41	57	165	181	200	227
247.jpg	112	90	206	184	300	439
248.jpg	37	47	86	96	135	170
1087.jpg	96	13	220	137	350	262
1040.jpg	125	99	233	207	350	538
252.jpg	82	67	197	182	299	370
577.jpg	151	61	250	160	300	419
254.jpg	38	45	70	77	120	168
255.jpg	27	15	58	46	160	118
257.jpg	145	58	226	139	350	232
259.jpg	41	150	216	325	350	441
1112.jpg	106	63	180	137	350	462
261.jpg	125	32	153	60	224	400
1413.jpg	111	14	143	46	170	128
264.jpg	38	26	69	57	116	160
266.jpg	58	17	92	51	145	200
269.jpg	171	34	203	66	300	218
270.jpg	65	38	128	101	190	250
271.jpg	107	55	226	174	350	262
272.jpg	130	60	212	142	344	439
273.jpg	120	65	195	140	350	535
1130.jpg	122	41	262	181	350	648
275.jpg	74	16	103	45	180	120
531.jpg	112	79	218	185	350	460
278.jpg	145	80	213	148	350	429
588.jpg	67	66	190	189	294	324
280.jpg	73	45	153	125	244	327
1001.jpg	122	93	237	208	350	493
645.jpg	124	50	255	181	350	459
283.jpg	120	52	189	121	350	250
287.jpg	182	40	236	94	350	441
288.jpg	70	40	130	100	200	223
1095.jpg	130	80	209	159	350	450
290.jpg	61	23	104	66	161	162
292.jpg	120	50	181	111	350	285
336.jpg	75	37	143	105	350	278
295.jpg	36	16	66	46	101	130
296.jpg	46	39	83	76	144	200
298.jpg	113	38	182	107	350	449
299.jpg	165	27	202	64	350	283
301.jpg	114	39	145	70	266	200
1324.jpg	150	139	250	239	350	524
303.jpg	64	89	173	198	230	306
306.jpg	105	86	188	169	310	450
309.jpg	84	62	184	162	350	444
1262.jpg	90	71	212	193	350	464
311.jpg	52	30	79	57	137	185
317.jpg	100	123	257	280	350	472
319.jpg	106	55	170	119	241	320
837.jpg	95	56	164	125	350	221
322.jpg	42	27	74	59	105	149
323.jpg	140	163	191	214	350	523
324.jpg	186	102	298	214	350	466
325.jpg	171	67	263	159	350	448
326.jpg	53	21	97	65	120	170
327.jpg	165	161	303	299	350	509
890.jpg	113	64	221	172	350	471
330.jpg	26	27	56	57	100	127
331.jpg	146	49	198	101	350	250
672.jpg	135	40	198	103	350	262
333.jpg	41	42	73	74	122	167
983.jpg	125	73	214	162	350	495
335.jpg	73	44	174	145	250	250
1369.jpg	142	105	254	217	350	405
663.jpg	112	6	187	81	350	280
343.jpg	101	121	228	248	350	507
789.jpg	139	110	250	221	350	533
346.jpg	48	15	77	44	132	180
347.jpg	50	53	96	99	215	350
350.jpg	136	82	243	189	350	262
824.jpg	136	95	210	169	350	570
356.jpg	25	36	64	75	108	150
786.jpg	20	103	165	248	350	287
361.jpg	77	59	161	143	231	351
884.jpg	113	87	202	176	350	645
364.jpg	142	86	233	177	350	437
365.jpg	58	95	179	216	325	520
1069.jpg	96	4	166	74	250	216
965.jpg	79	123	193	237	350	552
374.jpg	39	26	78	65	120	160
377.jpg	44	47	76	79	107	167
378.jpg	68	68	145	145	300	357
379.jpg	52	54	104	106	175	250
380.jpg	97	103	218	224	350	473
381.jpg	117	70	203	156	350	464
1450.jpg	107	109	252	254	350	510
1311.jpg	110	53	213	156	350	548
385.jpg	118	96	191	169	350	543
1276.jpg	173	42	245	114	350	270
388.jpg	181	38	238	95	290	305
850.jpg	121	62	181	122	350	425
390.jpg	54	53	82	81	142	164
392.jpg	118	92	210	184	350	503
393.jpg	66	6	94	34	135	135
395.jpg	27	28	79	80	115	170
1447.jpg	121	53	197	129	292	397
404.jpg	44	23	84	63	150	150
405.jpg	57	9	86	38	150	112
1408.jpg	138	57	200	119	350	492
408.jpg	38	32	77	71	128	160
409.jpg	31	20	58	47	113	150
410.jpg	41	43	71	73	106	160
535.jpg	147	45	206	104	350	471
661.jpg	51	32	102	83	140	190
428.jpg	102	74	179	151	350	460
417.jpg	143	56	221	134	350	280
1354.jpg	99	47	151	99	350	278
1332.jpg	101	130	260	289	350	523
431.jpg	41	12	66	37	108	150
433.jpg	185	69	246	130	350	466
434.jpg	169	78	200	109	350	213
436.jpg	82	63	178	159	200	200
806.jpg	120	55	242	177	350	546
751.jpg	148	91	252	195	350	532
440.jpg	117	83	246	212	350	429
1103.jpg	158	52	237	131	350	473
444.jpg	158	54	230	126	326	425
1486.jpg	63	84	207	228	350	447
448.jpg	163	23	257	117	350	488
449.jpg	112	77	186	151	300	437
450.jpg	132	69	199	136	350	632
698.jpg	99	88	230	219	350	507
453.jpg	42	18	70	46	120	151
454.jpg	127	120	234	227	350	526
455.jpg	103	96	208	201	350	528
456.jpg	89	109	162	182	350	528
457.jpg	127	23	165	61	350	360
458.jpg	87	34	164	111	300	350
459.jpg	120	84	238	202	350	484
460.jpg	41	28	70	57	138	176
461.jpg	62	81	225	244	288	384
462.jpg	121	95	182	156	267	300
463.jpg	136	51	226	141	350	262
1219.jpg	108	132	258	282	350	486
465.jpg	51	19	79	47	120	180
467.jpg	111	54	175	118	266	400
468.jpg	39	36	69	66	143	183
472.jpg	100	70	204	174	330	445
1195.jpg	121	78	207	164	350	459
476.jpg	99	89	248	238	341	497
478.jpg	115	106	199	190	350	526
479.jpg	154	39	258	143	320	400
1134.jpg	123	40	196	113	350	421
1619.jpg	127	61	203	137	350	512
1140.jpg	138	59	215	136	350	563
483.jpg	155	69	199	113	350	248
929.jpg	134	54	217	137	350	219
1425.jpg	148	53	255	160	350	466
1101.jpg	67	88	186	207	350	525
489.jpg	97	14	125	42	150	112
491.jpg	39	20	67	48	120	150
494.jpg	51	24	79	52	131	160
495.jpg	111	86	212	187	350	484
496.jpg	31	47	93	109	150	198
503.jpg	111	15	138	42	200	140
504.jpg	222	180	283	241	350	534
512.jpg	118	129	243	254	350	487
514.jpg	30	16	60	46	119	185
515.jpg	62	44	105	87	200	300
517.jpg	95	51	203	159	232	320
518.jpg	143	55	221	133	350	324
1565.jpg	210	22	257	69	350	262
520.jpg	114	45	172	103	350	262
522.jpg	36	78	72	114	189	145
1586.jpg	170	31	247	108	350	459
524.jpg	44	56	104	116	180	270
526.jpg	95	67	148	120	313	234
527.jpg	83	33	116	66	150	200
528.jpg	41	36	77	72	119	165
529.jpg	33	34	75	76	119	135
532.jpg	43	18	70	45	118	150
533.jpg	45	25	74	54	125	100
534.jpg	95	1	122	28	150	113
1227.jpg	143	108	213	178	350	448
540.jpg	147	26	193	72	266	200
632.jpg	92	84	198	190	350	437
545.jpg	71	84	174	187	265	400
546.jpg	53	27	79	53	111	145
548.jpg	168	45	240	117	350	230
549.jpg	32	26	63	57	101	167
866.jpg	112	72	206	166	350	525
553.jpg	33	47	101	115	134	170
557.jpg	41	125	66	150	300	225
558.jpg	131	80	217	166	350	601
559.jpg	39	46	78	85	120	182
561.jpg	92	56	248	212	350	246
564.jpg	119	103	270	254	350	526
568.jpg	162	52	218	108	350	284
570.jpg	138	70	213	145	350	484
867.jpg	119	77	231	189	350	522
1280.jpg	92	61	169	138	350	440
586.jpg	80	38	108	66	134	180
591.jpg	92	115	258	281	350	430
596.jpg	136	58	203	125	350	550
597.jpg	212	53	274	115	350	262
601.jpg	47	30	83	66	138	180
604.jpg	79	26	115	62	200	141
610.jpg	149	41	204	96	350	436
612.jpg	175	9	270	104	338	425
1455.jpg	156	51	219	114	350	442
617.jpg	104	107	229	232	350	535
618.jpg	84	70	128	114	300	225
624.jpg	43	35	72	64	135	135
1017.jpg	110	52	256	198	350	466
626.jpg	39	38	76	75	109	164
627.jpg	51	38	84	71	140	160
628.jpg	138	35	209	106	350	261
634.jpg	103	69	192	158	330	241
636.jpg	77	51	140	114	200	300
791.jpg	80	57	208	185	350	466
639.jpg	36	26	65	55	100	150
640.jpg	281	130	332	181	350	254
641.jpg	153	52	219	118	350	512
644.jpg	48	40	79	71	127	190
646.jpg	123	51	179	107	350	262
650.jpg	34	19	76	61	135	180
655.jpg	131	93	199	161	350	434
658.jpg	207	6	318	117	350	262
662.jpg	140	58	217	135	350	554
1604.jpg	129	106	220	197	350	525
668.jpg	123	83	195	155	350	524
669.jpg	81	108	198	225	350	515
670.jpg	122	85	244	207	350	527
674.jpg	141	102	247	208	350	537
676.jpg	96	113	185	202	350	515
1005.jpg	46	37	109	100	150	204
680.jpg	75	91	196	212	350	565
681.jpg	111	87	230	206	350	456
683.jpg	77	112	208	243	350	440
684.jpg	105	75	189	159	350	438
686.jpg	97	106	185	194	350	553
692.jpg	123	65	193	135	350	436
696.jpg	145	51	189	95	350	565
699.jpg	115	60	171	116	310	461
704.jpg	96	61	242	207	350	262
707.jpg	34	29	80	75	103	160
1085.jpg	123	94	216	187	350	538
711.jpg	62	55	105	98	350	196
712.jpg	112	31	189	108	295	322
713.jpg	5	48	144	187	350	262
817.jpg	138	59	201	122	350	432
1016.jpg	119	96	200	177	350	580
718.jpg	102	89	205	192	350	490
720.jpg	154	76	228	150	350	466
721.jpg	128	106	220	198	350	523
724.jpg	179	87	246	154	350	481
729.jpg	31	34	63	66	114	180
730.jpg	94	82	183	171	350	503
732.jpg	104	14	131	41	158	124
738.jpg	147	41	203	97	350	487
739.jpg	112	76	215	179	350	537
742.jpg	46	46	124	124	172	224
745.jpg	72	32	109	69	160	120
746.jpg	151	64	239	152	350	477
1551.jpg	126	51	175	100	350	522
749.jpg	150	129	207	186	350	478
753.jpg	161	52	240	131	350	473
758.jpg	45	14	72	41	131	180
760.jpg	133	178	218	263	350	437
775.jpg	106	121	242	257	350	568
763.jpg	135	98	260	223	350	525
765.jpg	35	25	69	59	100	150
766.jpg	137	67	235	165	350	350
767.jpg	135	58	207	130	350	525
769.jpg	37	39	82	84	129	170
771.jpg	42	54	108	120	160	205
1401.jpg	75	122	174	221	350	527
777.jpg	122	91	219	188	350	525
779.jpg	90	57	144	111	314	448
780.jpg	153	87	248	182	350	569
1427.jpg	120	100	227	207	350	463
787.jpg	139	139	245	245	350	443
793.jpg	237	53	288	104	350	310
1281.jpg	135	38	199	102	350	218
801.jpg	35	32	71	68	109	167
803.jpg	47	24	74	51	109	150
1221.jpg	133	47	202	116	350	280
1612.jpg	112	88	255	231	350	531
816.jpg	106	53	173	120	285	400
1191.jpg	137	117	209	189	350	434
820.jpg	135	128	208	201	350	525
1467.jpg	103	125	185	207	350	525
826.jpg	122	99	209	186	350	525
833.jpg	44	12	73	41	150	112
834.jpg	37	12	131	106	150	138
840.jpg	137	40	228	131	350	350
841.jpg	124	94	227	197	350	498
842.jpg	78	77	155	154	350	452
845.jpg	215	164	272	221	350	525
846.jpg	96	62	163	129	350	570
932.jpg	102	122	194	214	350	533
851.jpg	111	33	154	76	300	450
853.jpg	115	89	229	203	323	480
857.jpg	170	51	250	131	350	527
1567.jpg	129	67	224	162	350	466
862.jpg	75	44	122	91	253	380
863.jpg	104	94	205	195	310	464
865.jpg	125	71	172	118	350	441
871.jpg	141	79	273	211	350	262
872.jpg	136	120	263	247	350	555
874.jpg	54	36	92	74	150	150
876.jpg	90	72	179	161	350	495
877.jpg	146	59	216	129	350	521
1285.jpg	126	113	244	231	350	522
886.jpg	141	113	276	248	350	544
887.jpg	104	56	197	149	350	487
891.jpg	122	44	186	108	310	466
892.jpg	52	74	144	166	350	460
893.jpg	124	61	230	167	350	453
894.jpg	62	21	91	50	160	120
895.jpg	96	132	288	324	350	431
897.jpg	46	34	78	66	113	170
898.jpg	114	53	187	126	276	400
900.jpg	240	138	281	179	350	262
901.jpg	118	59	259	200	350	262
903.jpg	129	54	194	119	350	524
906.jpg	52	48	100	96	162	200
909.jpg	205	85	261	141	350	262
1554.jpg	113	89	172	148	350	550
914.jpg	115	57	182	124	350	477
915.jpg	144	56	186	98	292	400
1393.jpg	150	76	215	141	350	448
1381.jpg	123	101	256	234	350	535
943.jpg	120	81	201	162	300	370
945.jpg	31	17	59	45	120	186
950.jpg	110	109	207	206	350	552
951.jpg	112	92	202	182	331	500
1220.jpg	130	117	220	207	350	740
960.jpg	167	149	286	268	350	529
964.jpg	62	51	118	107	200	277
966.jpg	244	166	296	218	350	525
971.jpg	107	84	182	159	295	400
1216.jpg	9	45	242	278	350	353
978.jpg	98	49	170	121	350	331
979.jpg	78	62	173	157	350	448
981.jpg	65	10	94	39	179	134
984.jpg	141	42	210	111	350	525
986.jpg	75	60	144	129	180	300
1197.jpg	111	105	184	178	350	575
990.jpg	98	77	192	171	350	496
1359.jpg	130	40	200	110	350	520
999.jpg	107	93	204	190	350	525
1009.jpg	166	30	221	85	310	466
1011.jpg	81	120	153	192	350	446
1014.jpg	46	25	74	53	111	170
1018.jpg	34	35	69	70	106	160
1019.jpg	153	85	290	222	346	575
1022.jpg	192	116	253	177	350	425
1024.jpg	60	115	189	244	350	575
1025.jpg	161	72	236	147	350	460
1026.jpg	131	46	191	106	350	471
1027.jpg	110	50	209	149	350	538
1028.jpg	115	38	207	130	350	481
1032.jpg	136	77	192	133	350	524
1038.jpg	54	46	80	72	150	150
1041.jpg	58	44	88	74	150	150
1042.jpg	81	43	108	70	197	294
1044.jpg	43	25	70	52	117	144
1045.jpg	61	10	93	42	160	120
1049.jpg	129	103	228	202	350	484
1053.jpg	66	14	94	42	160	120
1054.jpg	26	32	67	73	100	150
1055.jpg	39	12	67	40	125	100
1056.jpg	137	92	205	160	350	549
1472.jpg	149	46	252	149	350	438
1113.jpg	40	54	103	117	350	346
1060.jpg	49	91	241	283	296	420
1062.jpg	115	94	228	207	350	511
1064.jpg	97	67	177	147	292	450
1066.jpg	129	39	178	88	350	280
1120.jpg	101	31	201	131	350	526
1068.jpg	92	90	210	208	350	525
1070.jpg	18	21	58	61	107	145
1074.jpg	138	41	167	70	220	193
1076.jpg	113	180	225	292	350	502
1078.jpg	128	50	208	130	230	306
1084.jpg	31	30	59	58	100	150
1089.jpg	147	80	224	157	350	458
1093.jpg	102	44	155	97	289	400
1098.jpg	21	108	119	206	350	348
1115.jpg	154	100	233	179	350	434
1117.jpg	78	107	203	232	350	586
1119.jpg	41	28	74	61	114	170
1121.jpg	139	143	244	248	350	513
1122.jpg	83	19	116	52	150	112
1123.jpg	81	47	114	80	188	285
1128.jpg	51	10	79	38	120	180
1129.jpg	166	186	261	281	350	432
1135.jpg	140	78	266	204	350	525
1137.jpg	11	15	119	123	350	262
1138.jpg	102	30	134	62	170	128
1143.jpg	96	33	124	61	170	128
1144.jpg	100	54	227	181	298	414
1145.jpg	141	88	244	191	350	525
1147.jpg	142	44	231	133	350	262
1155.jpg	131	42	197	108	350	333
1156.jpg	99	99	205	205	300	424
1163.jpg	145	110	242	207	350	490
1164.jpg	67	102	196	231	350	525
1168.jpg	28	36	65	73	121	150
1481.jpg	131	113	255	237	350	525
1171.jpg	65	71	141	147	212	300
1176.jpg	188	36	239	87	350	490
1177.jpg	28	27	59	58	100	150
1178.jpg	88	11	116	39	150	112
1182.jpg	121	54	186	119	350	492
1185.jpg	125	41	185	101	330	453
1187.jpg	117	142	206	231	350	526
1189.jpg	144	112	208	176	350	527
1192.jpg	84	35	126	77	200	300
1193.jpg	49	69	125	145	170	243
1196.jpg	34	30	73	69	100	150
1198.jpg	133	48	212	127	350	480
1202.jpg	37	30	285	278	333	400
1206.jpg	31	56	76	101	113	170
1208.jpg	150	109	232	191	350	434
1209.jpg	130	110	240	220	350	435
1211.jpg	136	82	184	130	350	440
1215.jpg	83	42	156	115	253	470
1217.jpg	127	52	182	107	350	466
1222.jpg	54	37	82	65	139	201
1225.jpg	62	15	95	48	160	120
1228.jpg	213	100	282	169	350	472
1231.jpg	71	37	102	68	158	211
1232.jpg	58	143	205	290	350	504
1233.jpg	41	30	77	66	115	164
1316.jpg	45	79	197	231	350	466
1241.jpg	157	108	258	209	350	527
1246.jpg	108	84	212	188	350	549
1248.jpg	146	57	183	94	350	481
1252.jpg	129	102	262	235	350	533
1254.jpg	162	31	338	207	350	262
1255.jpg	40	41	96	97	134	200
1470.jpg	74	75	188	189	350	507
1576.jpg	41	25	71	55	115	167
1263.jpg	100	56	154	110	350	283
1267.jpg	73	106	201	234	350	430
1268.jpg	79	27	108	56	179	237
1272.jpg	122	75	281	234	350	458
1275.jpg	119	19	147	47	190	143
1283.jpg	167	56	219	108	350	399
1287.jpg	153	69	219	135	350	499
1288.jpg	94	26	122	54	160	120
1290.jpg	118	93	255	230	350	525
1296.jpg	72	15	132	75	150	150
1297.jpg	135	54	206	125	350	262
1298.jpg	112	85	264	237	350	466
1299.jpg	87	74	149	136	240	400
1304.jpg	137	109	221	193	350	524
1308.jpg	41	20	71	50	114	160
1313.jpg	129	72	320	263	350	530
1433.jpg	156	44	209	97	350	429
1318.jpg	133	100	192	159	350	481
1321.jpg	136	70	199	133	350	523
1325.jpg	212	23	256	67	312	240
1326.jpg	33	22	65	54	104	160
1331.jpg	126	27	315	216	350	262
1335.jpg	137	66	209	138	350	561
1338.jpg	132	88	196	152	350	482
1340.jpg	154	77	303	226	350	280
1343.jpg	171	84	251	164	350	491
1345.jpg	113	51	158	96	194	180
1347.jpg	128	17	195	84	350	201
1349.jpg	50	39	78	67	100	150
1352.jpg	166	98	206	138	350	527
1358.jpg	102	57	155	110	260	400
1364.jpg	103	86	194	177	350	543
1373.jpg	29	38	63	72	115	170
1375.jpg	120	91	217	188	350	493
1382.jpg	149	109	262	222	350	575
1385.jpg	46	44	92	90	175	173
1390.jpg	111	97	222	208	350	481
1392.jpg	44	24	80	60	350	323
1394.jpg	97	103	252	258	350	636
1395.jpg	131	79	225	173	350	526
1583.jpg	93	71	197	175	350	539
1400.jpg	24	29	81	86	152	200
1410.jpg	146	67	191	112	350	435
1420.jpg	40	14	67	41	118	150
1423.jpg	130	68	193	131	350	198
1428.jpg	32	35	64	67	104	150
1431.jpg	97	32	182	117	335	427
1432.jpg	9	35	138	164	148	200
1434.jpg	96	64	194	162	350	526
1435.jpg	29	47	88	106	150	212
1438.jpg	57	57	144	144	200	233
1440.jpg	87	69	143	125	237	500
1444.jpg	50	16	77	43	110	150
1445.jpg	16	20	72	76	350	647
1446.jpg	98	61	152	115	250	421
1456.jpg	84	6	220	142	350	494
1459.jpg	117	91	216	190	350	572
1460.jpg	32	13	110	91	158	124
1462.jpg	152	97	229	174	300	400
1469.jpg	158	89	246	177	350	508
1471.jpg	64	48	136	120	297	299
1478.jpg	135	54	175	94	350	209
1483.jpg	39	27	70	58	133	200
1496.jpg	122	85	182	145	350	449
1490.jpg	117	98	193	174	350	526
1491.jpg	141	114	247	220	350	433
1492.jpg	61	16	89	44	112	150
1493.jpg	39	17	68	46	160	120
1494.jpg	121	51	163	93	310	485
1498.jpg	96	47	216	167	350	262
1500.jpg	120	64	173	117	300	447
1506.jpg	94	64	223	193	350	370
1507.jpg	34	18	83	67	150	200
1513.jpg	93	40	135	82	200	300
1515.jpg	52	32	80	60	130	150
1516.jpg	105	101	209	205	350	552
1564.jpg	136	100	244	208	350	501
1518.jpg	238	147	299	208	350	418
1519.jpg	93	85	182	174	240	400
1522.jpg	39	44	70	75	120	150
1524.jpg	21	25	54	58	108	162
1527.jpg	119	13	194	88	350	184
1528.jpg	118	109	232	223	350	494
1529.jpg	134	85	213	164	331	399
1532.jpg	132	112	164	144	217	300
1536.jpg	143	45	186	88	350	525
1546.jpg	107	110	246	249	350	429
1548.jpg	83	32	254	203	350	437
1553.jpg	127	61	162	96	300	470
1556.jpg	42	61	91	110	297	500
1558.jpg	118	48	180	110	350	262
1559.jpg	46	34	85	73	200	113
1561.jpg	46	81	92	127	350	232
1563.jpg	145	43	199	97	350	445
1568.jpg	38	52	70	84	112	170
1573.jpg	35	18	64	47	121	150
1578.jpg	111	101	230	220	350	646
1579.jpg	103	61	196	154	350	466
1581.jpg	202	154	244	196	350	465
1582.jpg	82	75	138	131	350	260
1589.jpg	161	54	247	140	350	472
1602.jpg	91	18	115	42	170	125
1603.jpg	102	104	214	216	350	544
1608.jpg	45	35	79	69	111	150
1614.jpg	78	102	227	251	350	480
1615.jpg	59	32	144	117	200	300
1616.jpg	122	114	228	220	350	537
1620.jpg	38	12	75	49	110	150
1624.jpg	107	68	151	112	263	400
