0.jpg	158	53	195	90	350	210
1.jpg	32	40	90	98	128	192
2.jpg	67	111	222	266	293	400
3.jpg	62	19	95	52	149	100
4.jpg	77	47	112	82	320	240
73.jpg	162	86	221	145	350	233
6.jpg	39	40	88	89	128	160
7.jpg	43	41	101	99	140	140
8.jpg	76	51	136	111	240	200
9.jpg	92	97	188	193	312	404
10.jpg	80	34	132	86	233	130
11.jpg	28	20	86	78	135	135
12.jpg	88	104	206	222	293	400
13.jpg	73	102	208	237	291	400
14.jpg	101	111	221	231	331	400
104.jpg	75	97	170	192	256	261
16.jpg	77	41	116	80	350	245
17.jpg	78	77	153	152	210	320
35.jpg	51	77	131	157	176	234
19.jpg	139	72	197	130	300	476
67.jpg	104	84	165	145	350	244
22.jpg	117	95	192	170	350	528
23.jpg	122	47	162	87	350	245
25.jpg	24	51	78	105	113	170
39.jpg	59	195	136	272	350	488
28.jpg	153	21	222	90	350	406
30.jpg	60	33	104	77	150	100
31.jpg	30	93	285	348	350	487
32.jpg	31	26	65	60	106	128
33.jpg	22	59	104	141	130	170
34.jpg	85	100	222	237	277	400
37.jpg	61	32	91	62	120	131
38.jpg	38	60	112	134	129	200
40.jpg	25	3	53	31	100	100
41.jpg	169	36	198	65	300	200
43.jpg	126	67	203	144	289	400
44.jpg	118	129	172	183	350	538
46.jpg	139	96	183	140	350	226
47.jpg	117	82	234	199	300	450
62.jpg	108	109	297	298	350	528
49.jpg	37	40	93	96	160	240
50.jpg	153	39	210	96	350	196
51.jpg	123	52	191	120	300	180
52.jpg	89	127	195	233	257	374
53.jpg	140	41	257	158	350	462
54.jpg	54	94	193	233	250	384
55.jpg	103	20	134	51	200	130
56.jpg	111	45	225	159	281	211
57.jpg	162	55	221	114	300	397
58.jpg	44	41	81	78	134	180
59.jpg	57	36	96	75	150	150
60.jpg	116	119	259	262	350	507
61.jpg	107	119	239	251	340	425
65.jpg	145	41	228	124	350	234
66.jpg	64	89	142	167	202	280
69.jpg	154	48	204	98	350	413
70.jpg	32	24	235	227	350	513
71.jpg	206	83	271	148	350	510
72.jpg	104	90	201	187	350	262
75.jpg	106	11	174	79	200	131
76.jpg	186	49	226	89	350	233
77.jpg	105	126	246	267	350	437
78.jpg	147	73	236	162	350	507
79.jpg	199	90	259	150	350	497
81.jpg	169	72	255	158	350	485
82.jpg	280	75	310	105	350	224
83.jpg	213	35	262	84	350	280
84.jpg	74	112	132	170	350	474
85.jpg	31	67	122	158	160	240
86.jpg	127	143	183	199	350	522
89.jpg	171	103	322	254	350	322
90.jpg	37	44	96	103	175	175
93.jpg	140	22	201	83	350	374
95.jpg	92	18	284	210	350	475
96.jpg	169	62	260	153	350	269
97.jpg	44	44	101	101	138	200
98.jpg	73	36	153	116	350	457
99.jpg	111	76	242	207	350	234
100.jpg	63	40	134	111	350	504
101.jpg	174	54	326	206	350	263
102.jpg	93	99	187	193	350	441
