35.jpg	119	52	166	99	350	262
1.jpg	112	31	143	62	220	220
69.jpg	132	86	245	199	350	385
3.jpg	78	58	149	129	291	271
4.jpg	92	44	123	75	200	195
94.jpg	179	54	241	116	320	307
126.jpg	120	83	160	123	300	353
8.jpg	159	35	203	79	350	353
9.jpg	94	51	147	104	293	337
10.jpg	162	127	220	185	350	350
11.jpg	273	21	314	62	350	214
12.jpg	103	20	130	47	150	117
13.jpg	108	133	240	265	350	525
14.jpg	63	59	130	126	209	260
16.jpg	126	44	187	105	350	219
17.jpg	58	72	144	158	208	270
18.jpg	106	69	204	167	300	385
19.jpg	121	47	168	94	313	234
117.jpg	150	44	225	119	350	278
21.jpg	136	141	188	193	300	350
22.jpg	103	30	171	98	350	225
129.jpg	47	36	108	97	229	229
118.jpg	117	55	197	135	350	264
170.jpg	109	76	178	145	280	390
27.jpg	43	71	143	171	200	250
121.jpg	237	50	289	102	340	267
29.jpg	74	28	116	70	214	220
30.jpg	77	107	103	133	350	233
31.jpg	155	41	210	96	280	280
32.jpg	13	31	68	86	302	400
33.jpg	136	40	174	78	350	498
164.jpg	113	103	233	223	350	525
36.jpg	98	34	130	66	200	161
37.jpg	90	84	188	182	350	213
38.jpg	92	45	159	112	350	262
39.jpg	90	84	120	114	180	250
40.jpg	77	30	131	84	320	242
42.jpg	48	27	78	57	138	138
44.jpg	34	46	90	102	128	194
45.jpg	138	74	225	161	350	453
46.jpg	128	39	178	89	350	193
60.jpg	140	61	186	107	350	267
49.jpg	59	62	123	126	196	250
50.jpg	40	50	107	117	200	213
51.jpg	231	31	261	61	350	202
53.jpg	115	43	173	101	322	331
54.jpg	30	17	60	47	100	100
66.jpg	70	14	127	71	272	204
57.jpg	138	31	167	60	230	300
58.jpg	143	48	198	103	350	240
160.jpg	146	170	213	237	320	365
63.jpg	62	23	91	52	200	150
64.jpg	123	44	171	92	332	224
105.jpg	159	61	220	122	350	262
67.jpg	63	49	106	92	180	180
72.jpg	244	73	284	113	350	262
70.jpg	230	30	271	71	350	295
71.jpg	38	32	70	64	110	126
104.jpg	208	33	250	75	350	260
112.jpg	80	45	127	92	178	250
77.jpg	81	23	108	50	203	270
80.jpg	115	146	188	219	350	407
82.jpg	33	26	63	56	100	120
84.jpg	158	50	204	96	350	262
86.jpg	137	54	188	105	350	233
88.jpg	97	148	150	201	230	392
89.jpg	94	50	187	143	280	390
91.jpg	19	47	72	100	100	141
93.jpg	138	72	195	129	350	254
97.jpg	47	28	77	58	135	180
157.jpg	106	74	168	136	266	400
100.jpg	56	64	118	126	266	200
101.jpg	152	51	191	90	220	220
102.jpg	44	30	86	72	180	250
107.jpg	30	55	108	133	140	167
108.jpg	128	49	254	175	350	198
109.jpg	94	30	134	70	266	200
110.jpg	96	33	142	79	200	250
111.jpg	56	28	86	58	180	120
113.jpg	142	44	193	95	350	215
114.jpg	101	28	140	67	250	167
115.jpg	133	132	197	196	350	480
119.jpg	100	48	158	106	350	196
120.jpg	55	25	86	56	125	100
122.jpg	67	22	94	49	203	270
158.jpg	125	86	189	150	350	402
124.jpg	73	58	145	130	225	300
125.jpg	170	53	234	117	275	346
130.jpg	143	39	172	68	350	241
132.jpg	169	99	208	138	350	333
135.jpg	83	46	137	100	270	262
138.jpg	270	44	335	109	350	233
139.jpg	131	28	173	70	350	289
141.jpg	165	29	189	53	350	262
147.jpg	163	80	214	131	350	342
182.jpg	60	41	124	105	350	262
149.jpg	90	28	119	57	253	190
151.jpg	174	44	246	116	350	617
153.jpg	87	28	128	69	180	180
155.jpg	105	33	139	67	220	220
161.jpg	171	78	265	172	350	262
162.jpg	132	130	200	198	350	480
163.jpg	131	26	179	74	332	170
165.jpg	125	45	188	108	280	280
166.jpg	165	71	199	105	350	226
167.jpg	132	78	199	145	350	380
169.jpg	105	42	240	177	350	262
171.jpg	81	40	115	74	202	250
173.jpg	200	32	241	73	350	264
174.jpg	83	22	110	49	230	165
176.jpg	92	51	145	104	350	237
178.jpg	118	86	178	146	300	400
179.jpg	89	39	125	75	200	209
183.jpg	48	32	76	60	139	159
185.jpg	168	56	218	106	350	279
186.jpg	184	49	235	100	350	280
188.jpg	104	108	204	208	350	343
190.jpg	121	77	189	145	350	400
191.jpg	109	46	164	101	272	203
