24.jpg	101	141	261	301	350	396
1.jpg	41	49	202	210	350	260
20.jpg	92	161	244	313	350	493
673.jpg	64	96	190	222	271	400
782.jpg	161	102	310	251	350	320
196.jpg	56	46	110	100	158	118
6.jpg	102	141	282	321	350	511
455.jpg	89	93	210	214	350	243
243.jpg	212	119	280	187	350	518
538.jpg	45	91	151	197	205	270
167.jpg	88	75	185	172	304	380
85.jpg	124	63	232	171	299	346
719.jpg	71	139	284	352	350	454
13.jpg	95	43	120	68	180	150
14.jpg	36	45	105	114	152	151
15.jpg	37	119	156	238	201	369
152.jpg	160	88	259	187	350	488
275.jpg	126	179	294	347	350	461
18.jpg	106	82	190	166	350	262
19.jpg	67	57	134	124	173	196
407.jpg	95	70	226	201	350	255
22.jpg	147	139	268	260	350	477
681.jpg	90	141	303	354	350	482
623.jpg	129	140	216	227	350	474
26.jpg	66	42	101	77	180	180
28.jpg	42	56	144	158	224	170
145.jpg	104	21	205	122	350	240
32.jpg	34	91	71	128	200	164
34.jpg	49	34	90	75	133	100
608.jpg	84	116	259	291	350	544
71.jpg	127	85	200	158	337	288
38.jpg	54	34	91	71	125	173
356.jpg	115	159	294	338	350	556
40.jpg	128	71	227	170	350	262
41.jpg	66	58	126	118	192	270
42.jpg	88	79	246	237	350	262
43.jpg	144	125	264	245	350	525
748.jpg	157	111	277	231	350	369
712.jpg	114	72	174	132	295	266
46.jpg	88	40	144	96	250	159
47.jpg	195	55	252	112	350	425
824.jpg	57	107	234	284	350	350
50.jpg	47	111	158	222	240	320
51.jpg	68	136	276	344	300	401
57.jpg	111	89	216	194	340	303
55.jpg	38	82	119	163	200	200
898.jpg	69	80	193	204	350	262
838.jpg	181	48	240	107	350	233
59.jpg	58	64	125	131	177	245
228.jpg	85	134	302	351	350	473
62.jpg	119	96	229	206	350	432
63.jpg	61	68	141	148	240	300
794.jpg	226	80	322	176	350	262
65.jpg	77	94	188	205	350	274
66.jpg	25	47	68	90	110	169
67.jpg	159	53	232	126	350	259
727.jpg	110	70	247	207	350	518
69.jpg	165	77	226	138	350	288
72.jpg	150	184	202	236	350	487
73.jpg	64	34	129	99	220	168
297.jpg	142	49	206	113	350	373
75.jpg	111	109	260	258	350	391
873.jpg	125	150	284	309	350	481
77.jpg	129	108	204	183	336	522
78.jpg	102	75	216	189	273	400
79.jpg	44	20	74	50	103	150
80.jpg	52	52	125	125	180	240
81.jpg	116	117	252	253	350	454
82.jpg	41	39	86	84	100	116
83.jpg	77	106	203	232	282	453
84.jpg	67	100	159	192	180	271
86.jpg	78	118	255	295	350	470
87.jpg	85	179	242	336	350	476
88.jpg	78	47	175	144	225	225
89.jpg	129	113	238	222	348	400
513.jpg	68	151	243	326	329	400
91.jpg	121	32	158	69	270	303
270.jpg	107	91	237	221	263	400
483.jpg	140	52	211	123	350	350
94.jpg	18	21	71	74	110	110
320.jpg	91	95	196	200	280	280
96.jpg	104	91	173	160	344	550
98.jpg	46	26	78	58	120	150
212.jpg	99	167	238	306	350	492
696.jpg	112	93	226	207	350	417
101.jpg	43	78	151	186	200	225
102.jpg	53	73	135	155	150	200
103.jpg	55	88	137	170	180	270
104.jpg	39	61	102	124	144	200
105.jpg	59	67	112	120	350	233
912.jpg	129	153	245	269	323	462
942.jpg	87	150	271	334	350	423
110.jpg	123	41	209	127	350	233
111.jpg	168	80	222	134	350	280
112.jpg	80	58	118	96	200	300
113.jpg	57	62	148	153	180	180
114.jpg	10	36	75	101	100	120
116.jpg	163	94	267	198	350	448
117.jpg	127	106	193	172	350	301
1014.jpg	146	67	213	134	350	519
120.jpg	80	73	156	149	322	242
250.jpg	124	54	224	154	330	220
626.jpg	82	121	262	301	350	523
126.jpg	23	45	69	91	130	105
296.jpg	72	121	213	262	350	350
200.jpg	66	41	133	108	250	329
129.jpg	80	110	255	285	300	394
374.jpg	104	68	200	164	300	225
133.jpg	175	81	275	181	350	262
134.jpg	68	54	222	208	329	240
254.jpg	94	36	181	123	298	175
816.jpg	107	82	221	196	350	262
139.jpg	73	67	103	97	180	200
140.jpg	83	30	125	72	180	180
141.jpg	98	85	230	217	350	262
143.jpg	79	70	165	156	350	276
461.jpg	202	52	269	119	350	243
147.jpg	25	43	73	91	105	150
148.jpg	43	42	74	73	120	120
777.jpg	114	98	216	200	350	421
150.jpg	130	71	232	173	279	400
336.jpg	56	81	188	213	245	283
406.jpg	37	53	153	169	300	225
754.jpg	141	94	219	172	350	525
156.jpg	90	96	160	166	350	465
157.jpg	190	54	220	84	220	239
160.jpg	85	125	255	295	349	450
161.jpg	67	57	105	95	185	275
846.jpg	99	111	249	261	350	466
163.jpg	53	59	101	107	150	203
164.jpg	123	35	188	100	250	250
169.jpg	75	80	154	159	264	400
171.jpg	80	46	148	114	250	305
781.jpg	158	80	233	155	350	466
173.jpg	60	64	135	139	225	335
174.jpg	117	118	240	241	350	441
175.jpg	77	146	208	277	350	564
272.jpg	240	40	294	94	350	194
177.jpg	92	79	174	161	350	438
178.jpg	60	57	172	169	350	233
183.jpg	29	46	103	120	146	212
184.jpg	48	22	90	64	150	179
506.jpg	66	37	151	122	208	139
186.jpg	102	7	292	197	350	227
369.jpg	80	126	204	250	264	399
188.jpg	83	72	189	178	250	250
189.jpg	136	65	198	127	300	250
533.jpg	23	37	344	358	350	389
702.jpg	123	189	247	313	350	525
194.jpg	105	118	210	223	318	320
197.jpg	100	94	150	144	150	210
198.jpg	138	50	203	115	256	182
203.jpg	29	49	89	109	136	149
204.jpg	19	77	47	105	120	180
205.jpg	83	38	139	94	200	200
206.jpg	15	66	101	152	161	250
676.jpg	98	170	273	345	350	502
209.jpg	39	50	89	100	150	240
765.jpg	104	50	212	158	350	321
211.jpg	288	162	315	189	350	231
214.jpg	87	134	179	226	350	472
217.jpg	152	32	262	142	350	175
219.jpg	23	52	83	112	111	140
220.jpg	90	131	181	222	247	370
222.jpg	53	37	112	96	350	262
225.jpg	76	37	127	88	234	270
226.jpg	99	65	141	107	330	242
229.jpg	147	117	302	272	350	456
233.jpg	61	84	138	161	200	274
234.jpg	43	16	87	60	136	170
235.jpg	68	58	148	138	200	273
236.jpg	39	77	203	241	230	281
239.jpg	57	87	191	221	228	337
240.jpg	31	81	111	161	214	265
244.jpg	88	20	116	48	170	140
245.jpg	44	42	85	83	128	170
351.jpg	51	84	173	206	250	312
251.jpg	81	113	198	230	240	347
474.jpg	140	102	273	235	350	449
256.jpg	2	82	94	174	230	306
258.jpg	94	60	168	134	294	220
259.jpg	132	92	239	199	350	545
260.jpg	62	37	99	74	143	124
266.jpg	93	52	161	120	250	375
267.jpg	141	109	252	220	350	465
744.jpg	52	26	301	275	350	334
367.jpg	118	60	252	194	350	275
273.jpg	144	116	235	207	350	262
274.jpg	103	148	242	287	350	502
276.jpg	46	58	116	128	165	236
279.jpg	60	41	105	86	150	150
281.jpg	234	89	307	162	350	376
282.jpg	105	39	168	102	244	182
563.jpg	60	45	129	114	154	154
286.jpg	23	98	132	207	187	249
287.jpg	68	95	171	198	241	370
290.jpg	38	99	169	230	300	368
291.jpg	108	66	214	172	350	245
292.jpg	7	81	72	146	150	213
293.jpg	107	30	134	57	170	130
294.jpg	103	63	170	130	350	552
692.jpg	106	121	277	292	350	358
299.jpg	197	78	290	171	350	261
300.jpg	25	24	82	81	135	135
540.jpg	36	109	259	332	334	500
302.jpg	33	39	86	92	120	150
304.jpg	144	135	181	172	350	247
473.jpg	59	18	296	255	350	350
307.jpg	127	84	207	164	350	262
308.jpg	123	158	253	288	350	490
310.jpg	37	32	65	60	111	170
311.jpg	146	179	193	226	350	424
312.jpg	73	80	158	165	201	287
314.jpg	99	102	157	160	236	300
682.jpg	54	62	148	156	200	288
319.jpg	158	27	196	65	350	263
325.jpg	65	141	221	297	276	449
328.jpg	64	82	189	207	228	316
330.jpg	40	35	81	76	150	200
331.jpg	35	63	118	146	152	232
334.jpg	44	79	141	176	216	301
335.jpg	88	48	143	103	350	262
430.jpg	101	36	230	165	350	233
339.jpg	63	153	275	365	297	468
566.jpg	96	86	164	154	350	550
342.jpg	52	130	198	276	350	491
344.jpg	89	45	149	105	170	257
345.jpg	43	98	158	213	245	399
346.jpg	62	69	118	125	191	240
348.jpg	59	99	173	213	244	300
349.jpg	94	112	243	261	300	300
350.jpg	110	40	144	74	200	300
352.jpg	9	82	188	261	217	300
354.jpg	25	37	72	84	100	115
355.jpg	50	95	148	193	230	306
358.jpg	69	16	208	155	350	173
366.jpg	31	65	117	151	168	225
363.jpg	44	51	99	106	152	200
364.jpg	3	114	119	230	200	315
365.jpg	49	36	97	84	350	232
368.jpg	26	39	79	92	110	110
370.jpg	131	138	208	215	350	564
371.jpg	96	49	156	109	288	165
375.jpg	169	50	242	123	350	355
900.jpg	106	87	245	226	350	274
377.jpg	75	89	178	192	230	306
378.jpg	84	32	163	111	290	180
381.jpg	289	53	337	101	350	268
383.jpg	93	52	176	135	350	286
387.jpg	70	53	123	106	230	306
491.jpg	56	131	209	284	350	480
389.jpg	51	36	93	78	150	150
391.jpg	55	36	121	102	180	230
392.jpg	157	176	237	256	350	539
393.jpg	44	69	102	127	230	306
394.jpg	57	77	139	159	180	235
395.jpg	112	71	196	155	350	292
396.jpg	111	105	181	175	350	526
979.jpg	107	25	239	157	265	203
399.jpg	32	55	111	134	150	150
401.jpg	155	46	190	81	350	278
404.jpg	38	41	103	106	150	131
405.jpg	104	52	198	146	350	234
408.jpg	38	26	69	57	106	150
1015.jpg	136	82	226	172	350	454
998.jpg	8	149	212	353	350	440
414.jpg	12	0	114	102	150	112
418.jpg	98	18	129	49	153	200
419.jpg	76	44	132	100	200	200
421.jpg	29	51	94	116	120	160
422.jpg	93	70	167	144	320	240
426.jpg	143	121	257	235	350	436
427.jpg	86	130	240	284	329	465
428.jpg	89	41	118	70	180	265
431.jpg	25	33	52	60	118	170
432.jpg	206	102	298	194	350	242
434.jpg	121	153	252	284	350	450
436.jpg	36	54	77	95	255	170
973.jpg	104	116	252	264	350	439
446.jpg	71	47	127	103	160	120
451.jpg	55	78	166	189	184	270
452.jpg	22	160	252	390	350	463
453.jpg	57	149	237	329	300	394
597.jpg	156	57	205	106	350	495
457.jpg	108	73	192	157	310	340
458.jpg	98	88	205	195	300	350
459.jpg	25	29	60	64	90	120
460.jpg	54	52	106	104	156	232
466.jpg	51	31	90	70	140	110
467.jpg	164	69	233	138	350	255
469.jpg	8	105	120	217	200	300
470.jpg	265	89	333	157	350	253
471.jpg	41	25	70	54	104	128
479.jpg	167	36	199	68	269	124
482.jpg	43	26	71	54	119	176
484.jpg	240	121	293	174	350	317
486.jpg	54	99	182	227	280	340
487.jpg	115	25	143	53	198	128
488.jpg	86	50	140	104	232	231
489.jpg	45	25	71	51	113	170
490.jpg	39	77	138	176	179	250
494.jpg	219	91	304	176	350	262
498.jpg	170	68	224	122	350	233
499.jpg	102	92	177	167	350	262
500.jpg	92	126	201	235	341	512
501.jpg	144	200	242	298	350	449
503.jpg	41	38	72	69	160	120
504.jpg	23	35	73	85	100	100
505.jpg	47	81	152	186	195	255
507.jpg	94	58	135	99	142	232
508.jpg	72	66	108	102	108	138
510.jpg	25	43	69	87	110	152
512.jpg	17	59	128	170	150	200
514.jpg	39	92	86	139	190	246
516.jpg	58	49	157	148	250	167
517.jpg	70	30	109	69	116	116
518.jpg	41	56	108	123	163	222
522.jpg	139	71	211	143	350	531
530.jpg	72	71	176	175	230	282
532.jpg	56	77	138	159	244	244
534.jpg	35	63	109	137	350	350
536.jpg	76	56	115	95	350	525
537.jpg	93	121	230	258	350	399
542.jpg	217	77	285	145	350	509
543.jpg	96	147	234	285	336	522
544.jpg	99	50	151	102	225	344
545.jpg	3	13	83	93	105	105
546.jpg	132	47	196	111	307	400
547.jpg	50	65	145	160	180	270
548.jpg	32	30	64	62	113	170
550.jpg	24	28	88	92	100	100
551.jpg	90	58	164	132	200	200
557.jpg	73	58	132	117	230	306
558.jpg	44	32	74	62	139	198
559.jpg	83	112	201	230	350	521
562.jpg	76	20	105	49	150	100
565.jpg	16	41	68	93	113	170
568.jpg	65	73	168	176	280	316
569.jpg	95	55	153	113	320	240
572.jpg	89	77	203	191	245	316
573.jpg	35	141	288	394	350	474
575.jpg	81	59	220	198	350	262
576.jpg	82	68	133	119	230	306
578.jpg	30	15	96	81	160	114
579.jpg	157	64	227	134	350	467
584.jpg	118	39	165	86	250	333
585.jpg	42	62	97	117	158	240
586.jpg	104	75	165	136	266	200
588.jpg	110	53	140	83	203	152
590.jpg	87	41	133	87	243	344
591.jpg	150	93	258	201	322	440
592.jpg	44	72	163	191	250	271
593.jpg	173	61	240	128	349	230
598.jpg	48	29	89	70	250	188
600.jpg	71	44	113	86	180	300
603.jpg	158	40	207	89	350	190
605.jpg	88	118	216	246	350	389
606.jpg	7	126	52	171	350	263
933.jpg	183	121	256	194	350	435
614.jpg	71	81	165	175	195	284
615.jpg	65	64	104	103	202	296
616.jpg	77	25	115	63	150	150
618.jpg	210	123	290	203	350	520
619.jpg	178	48	253	123	350	246
621.jpg	158	97	244	183	350	432
624.jpg	105	90	178	163	350	473
630.jpg	50	112	263	325	350	356
631.jpg	157	62	224	129	250	188
822.jpg	144	84	215	155	350	494
634.jpg	120	120	182	182	267	400
636.jpg	54	30	83	59	150	150
639.jpg	29	70	113	154	170	220
641.jpg	70	25	98	53	162	228
646.jpg	63	93	131	161	244	320
647.jpg	137	55	199	117	350	502
649.jpg	129	84	207	162	350	496
650.jpg	127	87	187	147	350	453
651.jpg	77	111	140	174	338	421
654.jpg	131	161	233	263	350	563
658.jpg	116	115	216	215	350	543
660.jpg	88	45	140	97	166	216
661.jpg	64	154	106	196	350	262
662.jpg	31	127	62	158	181	240
663.jpg	138	166	207	235	350	444
665.jpg	211	58	316	163	350	263
732.jpg	177	82	285	190	350	262
669.jpg	45	113	180	248	264	320
670.jpg	45	96	160	211	350	262
671.jpg	65	122	243	300	315	355
672.jpg	157	98	251	192	350	443
674.jpg	44	74	151	181	350	289
675.jpg	17	36	49	68	135	185
678.jpg	75	28	196	149	350	196
679.jpg	137	72	210	145	350	378
684.jpg	75	109	208	242	350	525
685.jpg	139	112	225	198	350	504
688.jpg	158	69	257	168	350	432
689.jpg	95	108	135	148	149	200
691.jpg	99	56	143	100	250	366
694.jpg	138	104	267	233	350	441
698.jpg	131	38	189	96	350	266
700.jpg	246	24	288	66	350	262
703.jpg	43	20	71	48	116	119
704.jpg	56	30	94	68	150	150
705.jpg	103	38	299	234	350	262
936.jpg	151	56	224	129	350	480
710.jpg	78	157	117	196	200	266
714.jpg	120	96	218	194	350	510
717.jpg	213	48	277	112	335	200
722.jpg	63	42	104	83	150	150
723.jpg	181	86	272	177	350	237
726.jpg	206	190	243	227	350	525
730.jpg	90	137	259	306	350	490
733.jpg	64	40	107	83	160	120
735.jpg	120	68	195	143	350	617
739.jpg	113	71	178	136	299	468
741.jpg	169	54	208	93	350	344
742.jpg	63	35	93	65	138	176
743.jpg	51	65	142	156	200	200
745.jpg	54	125	87	158	150	213
746.jpg	140	96	250	206	350	242
750.jpg	90	43	180	133	350	192
751.jpg	63	168	286	391	350	439
755.jpg	86	100	202	216	230	300
756.jpg	131	115	260	244	350	462
757.jpg	32	139	232	339	350	401
758.jpg	170	40	224	94	350	233
760.jpg	246	105	320	179	350	262
800.jpg	139	87	252	200	350	456
767.jpg	113	72	181	140	350	426
770.jpg	158	47	195	84	350	466
771.jpg	188	64	264	140	350	229
772.jpg	10	49	71	110	112	180
775.jpg	177	66	262	151	350	294
776.jpg	68	47	109	88	350	310
779.jpg	104	51	158	105	350	262
783.jpg	89	119	231	261	350	362
897.jpg	139	145	211	217	350	437
788.jpg	156	49	211	104	350	419
793.jpg	25	43	69	87	119	119
795.jpg	201	48	257	104	350	262
798.jpg	179	97	226	144	300	400
799.jpg	62	29	96	63	119	119
801.jpg	172	74	237	139	350	254
802.jpg	60	39	97	76	200	267
805.jpg	45	17	83	55	152	103
806.jpg	68	126	228	286	350	523
807.jpg	37	51	89	103	115	170
810.jpg	55	148	123	216	350	420
812.jpg	140	83	219	162	350	280
813.jpg	36	72	90	126	150	150
814.jpg	93	51	141	99	240	180
815.jpg	108	85	170	147	350	486
817.jpg	46	133	204	291	350	466
818.jpg	111	136	268	293	350	530
819.jpg	68	106	132	170	350	444
820.jpg	116	50	211	145	350	518
823.jpg	129	87	199	157	350	591
825.jpg	160	115	265	220	350	512
826.jpg	29	54	85	110	120	168
827.jpg	28	3	80	55	119	119
829.jpg	61	41	90	70	166	216
830.jpg	51	149	260	358	350	452
832.jpg	182	57	241	116	350	360
835.jpg	143	43	194	94	350	280
837.jpg	130	55	206	131	350	414
839.jpg	141	73	225	157	350	262
840.jpg	130	278	280	428	350	491
841.jpg	109	126	202	219	350	527
842.jpg	37	60	89	112	218	300
843.jpg	152	67	226	141	350	520
844.jpg	227	39	265	77	320	240
845.jpg	66	60	122	116	160	198
850.jpg	78	25	104	51	150	155
851.jpg	88	66	157	135	350	262
853.jpg	52	95	178	221	251	284
855.jpg	117	83	195	161	350	433
856.jpg	124	87	182	145	350	459
858.jpg	96	44	135	83	249	324
861.jpg	55	42	98	85	350	343
862.jpg	158	82	217	141	350	233
864.jpg	130	99	223	192	350	490
868.jpg	42	21	71	50	134	170
869.jpg	114	119	211	216	350	465
876.jpg	88	162	268	342	350	537
877.jpg	182	111	241	170	350	262
879.jpg	58	69	108	119	160	296
881.jpg	52	40	108	96	174	212
883.jpg	143	104	223	184	350	525
884.jpg	35	16	63	44	119	119
887.jpg	63	61	160	158	214	319
888.jpg	46	105	176	235	250	377
889.jpg	127	25	156	54	200	150
890.jpg	160	68	212	120	350	433
896.jpg	64	45	115	96	350	335
899.jpg	89	75	174	160	350	416
901.jpg	148	93	210	155	350	490
902.jpg	54	125	185	256	246	350
904.jpg	93	49	185	141	350	250
905.jpg	118	113	230	225	350	438
906.jpg	95	73	217	195	350	236
908.jpg	18	45	64	91	100	150
910.jpg	58	136	238	316	350	432
913.jpg	76	166	296	386	350	487
915.jpg	90	106	207	223	240	362
916.jpg	152	188	344	380	350	475
917.jpg	35	30	69	64	115	150
919.jpg	65	31	133	99	175	175
920.jpg	77	48	124	95	240	180
925.jpg	39	101	187	249	249	352
929.jpg	150	83	208	141	350	557
952.jpg	81	92	248	259	332	500
932.jpg	23	15	51	43	180	120
934.jpg	169	44	239	114	350	525
935.jpg	130	54	202	126	350	371
937.jpg	109	94	162	147	350	416
940.jpg	105	50	159	104	304	280
946.jpg	82	124	239	281	317	450
947.jpg	63	110	157	204	271	400
949.jpg	120	29	161	70	350	331
953.jpg	31	84	128	181	160	240
954.jpg	112	82	190	160	299	400
961.jpg	138	54	223	139	350	526
965.jpg	86	95	239	248	350	533
974.jpg	156	143	255	242	350	432
976.jpg	1	38	36	73	116	160
982.jpg	27	47	85	105	100	129
986.jpg	110	81	190	161	350	466
988.jpg	185	71	280	166	350	262
989.jpg	98	87	188	177	300	400
992.jpg	50	34	98	82	350	221
993.jpg	104	32	156	84	202	300
994.jpg	263	36	310	83	350	262
995.jpg	155	48	194	87	350	232
996.jpg	78	39	116	77	205	150
999.jpg	46	31	86	71	150	150
1004.jpg	150	227	259	336	350	524
1005.jpg	29	59	335	365	350	423
1012.jpg	182	217	324	359	350	566
1013.jpg	64	89	168	193	250	350
