73.jpg	16	29	172	185	175	252
196.jpg	111	155	230	274	350	437
193.jpg	102	101	255	254	350	465
9.jpg	109	69	233	193	350	280
4.jpg	17	42	109	134	150	200
6.jpg	13	4	69	60	105	150
7.jpg	115	143	263	291	350	467
8.jpg	39	51	149	161	182	260
10.jpg	11	51	112	152	170	251
11.jpg	64	36	97	69	197	310
12.jpg	73	125	256	308	333	500
13.jpg	86	72	169	155	250	307
39.jpg	63	89	208	234	294	255
15.jpg	25	34	72	81	134	170
16.jpg	66	127	207	268	350	433
17.jpg	133	43	194	104	350	233
124.jpg	127	81	235	189	350	512
19.jpg	132	26	210	104	350	184
20.jpg	131	68	229	166	350	536
35.jpg	123	84	174	135	350	465
22.jpg	114	85	184	155	350	525
23.jpg	110	14	137	41	165	200
24.jpg	30	177	106	253	326	475
26.jpg	58	43	86	71	150	113
127.jpg	45	40	129	124	200	200
28.jpg	240	69	299	128	350	548
88.jpg	78	32	212	166	240	240
31.jpg	72	31	120	79	180	135
183.jpg	207	112	236	141	350	350
34.jpg	48	61	213	226	280	260
36.jpg	42	68	121	147	212	256
37.jpg	98	44	168	114	350	518
38.jpg	118	68	213	163	297	300
41.jpg	183	67	267	151	350	284
42.jpg	130	75	282	227	300	400
43.jpg	33	25	108	100	150	146
120.jpg	5	47	69	111	150	221
103.jpg	30	60	215	245	340	320
47.jpg	51	36	78	63	150	200
48.jpg	114	37	153	76	274	172
50.jpg	74	36	151	113	310	301
51.jpg	75	88	128	141	194	300
173.jpg	70	45	198	173	200	184
54.jpg	36	29	99	92	121	195
91.jpg	4	63	96	155	250	337
58.jpg	95	14	120	39	165	128
59.jpg	47	117	109	179	175	249
60.jpg	66	104	213	251	250	321
63.jpg	178	133	265	220	339	450
64.jpg	91	38	147	94	200	300
111.jpg	189	126	225	162	307	400
110.jpg	73	85	198	210	350	268
68.jpg	18	75	88	145	210	210
69.jpg	91	55	202	166	311	203
70.jpg	95	38	161	104	233	262
71.jpg	29	77	67	115	167	237
74.jpg	137	47	202	112	260	194
78.jpg	198	43	297	142	350	262
79.jpg	229	35	300	106	350	305
80.jpg	65	33	158	126	220	300
82.jpg	103	68	195	160	336	425
85.jpg	138	19	187	68	200	128
89.jpg	25	65	103	143	150	231
92.jpg	133	76	234	177	350	261
93.jpg	98	151	255	308	350	489
94.jpg	82	147	141	206	334	450
97.jpg	30	46	93	109	100	130
98.jpg	171	110	312	251	350	437
99.jpg	106	41	168	103	300	180
100.jpg	35	66	117	148	180	227
102.jpg	56	35	83	62	150	220
104.jpg	70	16	98	44	120	120
105.jpg	118	67	215	164	280	308
106.jpg	223	144	266	187	350	499
107.jpg	215	127	291	203	344	475
136.jpg	108	69	217	178	350	350
114.jpg	47	107	214	274	311	540
115.jpg	122	26	152	56	216	160
116.jpg	77	53	148	124	232	170
118.jpg	26	31	74	79	100	100
121.jpg	99	60	133	94	150	203
122.jpg	29	43	82	96	130	165
125.jpg	120	89	188	157	335	450
126.jpg	72	111	179	218	350	469
130.jpg	61	37	89	65	100	142
132.jpg	189	45	236	92	295	202
133.jpg	47	74	145	172	208	240
134.jpg	57	23	85	51	150	100
137.jpg	157	26	197	66	250	277
138.jpg	65	39	152	126	192	154
139.jpg	13	25	71	83	100	112
142.jpg	152	94	258	200	350	483
143.jpg	196	60	278	142	350	524
144.jpg	54	56	149	151	200	225
147.jpg	24	24	169	169	180	180
148.jpg	46	139	232	325	314	412
150.jpg	34	90	58	114	150	205
152.jpg	40	71	174	205	230	320
153.jpg	85	58	161	134	280	401
154.jpg	101	77	129	105	208	325
205.jpg	121	61	195	135	350	209
159.jpg	33	82	124	173	176	274
160.jpg	18	18	76	76	110	160
161.jpg	58	12	131	85	180	135
163.jpg	99	126	202	229	350	438
164.jpg	23	21	66	64	200	150
167.jpg	75	88	102	115	115	150
168.jpg	130	56	211	137	350	300
169.jpg	143	77	171	105	250	250
170.jpg	35	41	73	79	120	150
172.jpg	25	59	131	165	200	256
174.jpg	63	37	135	109	200	150
175.jpg	35	31	67	63	150	212
178.jpg	99	53	135	89	169	256
179.jpg	90	43	167	120	283	427
180.jpg	112	121	335	344	350	432
181.jpg	181	84	210	113	350	233
182.jpg	42	139	80	177	350	262
184.jpg	175	147	300	272	350	459
187.jpg	37	45	112	120	150	150
189.jpg	15	125	203	313	350	417
191.jpg	138	65	195	122	350	416
192.jpg	96	14	127	45	194	257
194.jpg	29	41	70	82	107	130
195.jpg	171	107	223	159	350	441
198.jpg	160	189	322	351	350	510
199.jpg	39	26	82	69	120	120
204.jpg	39	103	198	262	300	400
207.jpg	66	26	101	61	156	154
