597.jpg	50	49	113	112	162	122
596.jpg	177	69	251	143	350	350
211.jpg	68	116	169	217	228	298
3.jpg	71	41	138	108	203	152
886.jpg	77	105	216	244	350	347
148.jpg	90	105	190	205	235	314
1199.jpg	79	54	129	104	260	300
449.jpg	70	27	269	226	350	261
581.jpg	72	151	230	309	350	350
1333.jpg	80	144	283	347	350	412
715.jpg	184	92	304	212	350	494
799.jpg	132	91	230	189	338	337
12.jpg	50	123	201	274	306	400
837.jpg	80	167	264	351	350	430
14.jpg	41	59	79	97	116	159
322.jpg	138	48	207	117	350	205
575.jpg	108	48	150	90	350	262
17.jpg	39	29	252	242	274	274
18.jpg	89	196	223	330	300	400
19.jpg	33	129	165	261	288	290
49.jpg	48	39	160	151	310	210
551.jpg	53	69	114	130	173	179
1755.jpg	69	139	211	281	350	479
1517.jpg	101	152	233	284	350	350
25.jpg	108	193	206	291	350	466
26.jpg	42	37	76	71	180	146
27.jpg	125	87	190	152	350	491
29.jpg	161	86	232	157	350	348
857.jpg	77	123	239	285	330	446
31.jpg	186	58	233	105	350	357
1991.jpg	29	169	301	441	350	502
1663.jpg	70	111	210	251	350	350
2067.jpg	142	81	223	162	318	404
1463.jpg	143	138	225	220	350	488
36.jpg	178	58	228	108	350	350
37.jpg	145	79	219	153	350	437
845.jpg	64	98	175	209	257	241
1717.jpg	163	136	306	279	350	537
969.jpg	136	112	279	255	350	346
42.jpg	46	29	93	76	135	100
429.jpg	76	95	142	161	300	245
44.jpg	98	103	227	232	340	425
45.jpg	55	106	142	193	249	329
377.jpg	39	51	104	116	204	163
1444.jpg	128	107	242	221	350	441
699.jpg	106	89	213	196	350	502
50.jpg	44	71	95	122	163	200
1665.jpg	147	30	209	92	350	262
848.jpg	228	94	281	147	350	276
74.jpg	107	89	197	179	300	250
1662.jpg	181	131	293	243	350	382
75.jpg	32	162	124	254	350	374
57.jpg	28	32	75	79	115	180
58.jpg	9	83	242	316	255	350
60.jpg	267	112	323	168	350	234
2024.jpg	42	56	211	225	350	351
1387.jpg	99	71	237	209	350	233
63.jpg	140	64	210	134	350	301
288.jpg	129	93	261	225	350	262
68.jpg	117	117	234	234	350	482
69.jpg	107	59	152	104	250	331
70.jpg	77	128	220	271	350	391
1108.jpg	23	23	330	330	350	350
1837.jpg	159	147	306	294	350	357
76.jpg	39	33	113	107	200	165
77.jpg	73	36	105	68	150	198
550.jpg	48	32	161	145	218	164
491.jpg	111	63	204	156	350	347
1127.jpg	103	55	180	132	300	300
81.jpg	60	31	92	63	120	120
82.jpg	128	91	187	150	320	431
83.jpg	88	52	225	189	350	233
84.jpg	71	139	225	293	350	529
1462.jpg	129	228	210	309	350	400
1388.jpg	136	111	231	206	350	457
90.jpg	84	52	160	128	230	172
1410.jpg	117	226	224	333	350	395
92.jpg	126	129	223	226	350	472
93.jpg	37	20	112	95	140	107
444.jpg	109	135	252	278	350	458
1911.jpg	149	63	257	171	350	350
98.jpg	75	43	125	93	150	150
1978.jpg	114	82	213	181	350	268
103.jpg	50	47	82	79	111	150
683.jpg	74	48	119	93	200	257
105.jpg	28	24	76	72	100	100
987.jpg	228	51	301	124	340	227
220.jpg	30	50	132	152	166	250
109.jpg	72	10	154	92	200	198
110.jpg	58	86	140	168	350	249
287.jpg	81	50	219	188	350	262
876.jpg	77	90	155	168	256	253
114.jpg	39	65	121	147	195	185
116.jpg	75	42	103	70	160	120
468.jpg	104	108	268	272	294	400
121.jpg	64	29	91	56	192	140
1320.jpg	182	168	239	225	350	471
774.jpg	57	124	300	367	350	520
402.jpg	83	108	184	209	260	450
1824.jpg	29	112	302	385	350	451
526.jpg	46	97	168	219	250	250
131.jpg	113	87	164	138	350	354
132.jpg	55	137	282	364	350	515
134.jpg	38	39	66	67	100	100
135.jpg	9	129	173	293	270	385
136.jpg	139	75	225	161	350	262
137.jpg	70	56	123	109	226	336
139.jpg	60	43	112	95	195	146
440.jpg	136	59	204	127	350	231
1551.jpg	105	114	253	262	350	451
146.jpg	138	70	209	141	327	496
164.jpg	51	92	141	182	250	250
155.jpg	43	41	84	82	127	170
156.jpg	70	86	143	159	350	244
157.jpg	120	47	171	98	300	471
158.jpg	72	59	104	91	121	121
160.jpg	129	45	254	170	340	535
818.jpg	59	144	263	348	303	400
162.jpg	63	67	167	171	250	250
163.jpg	84	66	167	149	350	347
166.jpg	58	11	85	38	150	150
167.jpg	84	95	220	231	335	450
815.jpg	115	92	291	268	350	348
169.jpg	41	16	71	46	110	198
758.jpg	119	100	199	180	260	388
176.jpg	61	76	155	170	260	298
1169.jpg	105	77	246	218	350	400
1314.jpg	62	134	259	331	350	433
184.jpg	102	81	191	170	319	434
186.jpg	33	69	98	134	150	150
188.jpg	110	186	159	235	275	404
189.jpg	81	65	150	134	250	175
190.jpg	215	42	283	110	300	229
193.jpg	79	93	174	188	248	293
194.jpg	78	41	132	95	198	304
195.jpg	96	112	201	217	350	262
1769.jpg	162	54	226	118	350	501
1648.jpg	90	55	167	132	350	260
200.jpg	34	32	79	77	126	111
201.jpg	82	102	173	193	255	344
204.jpg	70	53	103	86	283	256
205.jpg	173	61	219	107	350	490
208.jpg	74	27	103	56	150	149
209.jpg	113	100	198	185	320	240
1119.jpg	96	80	201	185	350	262
1082.jpg	66	123	179	236	265	336
1490.jpg	173	67	244	138	350	482
217.jpg	205	72	269	136	350	227
218.jpg	26	35	77	86	100	106
223.jpg	88	93	148	153	178	178
1100.jpg	99	87	187	175	292	300
226.jpg	104	61	146	103	350	339
227.jpg	13	27	74	88	300	241
230.jpg	65	17	96	48	100	130
232.jpg	99	19	207	127	281	211
1718.jpg	144	61	233	150	289	400
235.jpg	100	62	154	116	270	199
1783.jpg	73	127	188	242	350	406
239.jpg	64	26	94	56	135	135
240.jpg	98	59	210	171	302	231
241.jpg	17	19	55	57	130	100
242.jpg	135	63	197	125	350	546
243.jpg	72	132	219	279	350	323
244.jpg	71	113	154	196	250	350
772.jpg	51	59	125	133	150	175
252.jpg	159	41	193	75	203	152
615.jpg	92	134	166	208	350	265
754.jpg	75	160	265	350	350	480
258.jpg	104	62	156	114	300	348
259.jpg	120	113	259	252	350	481
260.jpg	87	86	152	151	350	521
263.jpg	57	60	167	170	240	315
264.jpg	88	22	117	51	200	200
267.jpg	81	96	159	174	200	286
268.jpg	117	76	190	149	240	293
1290.jpg	60	36	133	109	203	152
276.jpg	110	51	306	247	350	262
1840.jpg	77	160	273	356	300	386
281.jpg	50	33	90	73	158	107
284.jpg	98	113	167	182	265	203
286.jpg	28	57	88	117	120	170
290.jpg	101	89	141	129	225	250
291.jpg	67	160	271	364	350	422
293.jpg	41	25	69	53	100	130
295.jpg	38	54	107	123	150	211
917.jpg	61	25	163	127	250	167
299.jpg	34	35	79	80	100	100
300.jpg	29	38	99	108	125	125
302.jpg	138	69	178	109	350	294
303.jpg	122	12	159	49	300	196
378.jpg	120	44	176	100	275	389
2011.jpg	69	86	228	245	350	270
1598.jpg	84	82	151	149	217	256
309.jpg	125	65	188	128	350	262
312.jpg	74	50	115	91	231	242
315.jpg	139	74	211	146	350	423
316.jpg	50	72	146	168	320	381
318.jpg	205	113	267	175	350	448
320.jpg	103	45	143	85	220	200
321.jpg	220	22	278	80	350	92
900.jpg	147	149	276	278	289	475
325.jpg	84	71	174	161	240	283
819.jpg	2	56	55	109	110	110
1384.jpg	114	143	226	255	350	412
331.jpg	62	43	105	86	175	175
333.jpg	198	98	244	144	350	379
1701.jpg	150	74	223	147	350	500
336.jpg	39	0	173	134	178	161
337.jpg	92	87	231	226	350	262
339.jpg	158	99	237	178	350	427
455.jpg	85	33	249	197	350	263
345.jpg	69	54	102	87	203	300
346.jpg	64	58	114	108	180	240
347.jpg	38	85	88	135	200	177
348.jpg	62	98	259	295	350	388
349.jpg	54	44	197	187	301	360
350.jpg	119	60	213	154	350	484
1146.jpg	75	28	138	91	200	150
353.jpg	83	42	112	71	219	280
354.jpg	72	38	119	85	204	280
355.jpg	140	132	194	186	200	193
357.jpg	121	69	176	124	300	397
363.jpg	119	111	208	200	333	500
364.jpg	211	49	263	101	350	212
368.jpg	50	42	97	89	135	162
1908.jpg	108	108	178	178	350	324
734.jpg	153	71	208	126	350	325
375.jpg	89	83	125	119	350	263
1811.jpg	141	45	255	159	350	350
379.jpg	67	45	128	106	150	142
380.jpg	94	89	182	177	283	283
382.jpg	84	101	163	180	298	390
1943.jpg	87	106	244	263	350	428
580.jpg	13	0	260	247	350	262
387.jpg	107	47	169	109	279	399
391.jpg	30	84	157	211	200	254
1644.jpg	114	119	242	247	316	443
395.jpg	108	101	204	197	350	262
398.jpg	136	94	185	143	273	400
400.jpg	65	33	126	94	200	140
401.jpg	113	55	175	117	350	354
406.jpg	120	36	153	69	168	170
410.jpg	77	48	120	91	212	300
1194.jpg	133	53	199	119	350	536
413.jpg	60	32	93	65	188	242
414.jpg	10	34	68	92	101	118
417.jpg	87	65	124	102	350	372
418.jpg	49	46	98	95	150	200
419.jpg	92	33	134	75	310	340
422.jpg	147	70	201	124	249	160
424.jpg	129	79	203	153	347	447
425.jpg	55	109	167	221	226	350
426.jpg	76	56	133	113	200	303
433.jpg	119	128	306	315	350	378
434.jpg	155	59	190	94	300	236
436.jpg	61	48	143	130	200	199
720.jpg	92	68	181	157	250	315
442.jpg	107	130	173	196	335	448
443.jpg	132	69	205	142	303	278
445.jpg	28	114	120	206	220	315
448.jpg	25	31	95	101	120	120
451.jpg	49	31	159	141	203	152
456.jpg	19	146	153	280	350	454
457.jpg	139	78	218	157	350	379
458.jpg	127	70	246	189	300	225
460.jpg	116	38	159	81	300	301
465.jpg	252	29	280	57	350	250
474.jpg	106	106	235	235	350	447
626.jpg	136	110	233	207	318	400
1052.jpg	93	82	197	186	324	324
478.jpg	144	40	188	84	300	225
480.jpg	63	101	172	210	241	350
820.jpg	39	63	122	146	180	178
484.jpg	119	68	190	139	350	291
487.jpg	66	106	177	217	250	350
490.jpg	65	16	101	52	300	225
493.jpg	29	78	109	158	180	240
495.jpg	91	35	123	67	200	200
496.jpg	158	68	242	152	350	493
497.jpg	66	48	119	101	312	191
499.jpg	134	50	199	115	344	448
500.jpg	82	68	155	141	240	363
502.jpg	189	103	251	165	350	318
504.jpg	35	110	187	262	350	405
804.jpg	88	57	199	168	300	302
1263.jpg	78	77	165	164	300	392
510.jpg	302	85	329	112	350	243
511.jpg	70	35	165	130	281	211
1859.jpg	101	152	272	323	350	529
518.jpg	227	8	254	35	350	202
519.jpg	113	67	157	111	288	400
874.jpg	52	130	210	288	250	318
523.jpg	80	33	140	93	160	144
525.jpg	42	42	74	74	127	175
527.jpg	77	39	120	82	285	214
1468.jpg	104	153	246	295	350	520
533.jpg	72	20	102	50	203	152
534.jpg	126	133	166	173	300	300
538.jpg	85	52	153	120	250	381
540.jpg	49	48	93	92	150	150
541.jpg	87	42	113	68	150	150
544.jpg	22	61	161	200	200	242
545.jpg	133	76	182	125	218	230
548.jpg	22	76	52	106	144	200
549.jpg	81	58	136	113	223	333
1923.jpg	149	69	205	125	350	440
554.jpg	28	39	82	93	111	160
557.jpg	137	84	199	146	350	280
559.jpg	56	45	141	130	180	180
561.jpg	53	113	126	186	282	430
641.jpg	78	42	152	116	254	500
564.jpg	26	71	143	188	212	293
565.jpg	43	48	105	110	186	263
568.jpg	106	21	134	49	204	180
569.jpg	6	34	55	83	100	150
570.jpg	50	35	150	135	350	262
2046.jpg	213	183	287	257	350	526
2065.jpg	121	112	232	223	350	525
869.jpg	101	79	262	240	350	261
574.jpg	66	128	178	240	269	360
577.jpg	132	58	174	100	350	339
578.jpg	41	49	103	111	142	136
582.jpg	51	48	119	116	350	203
1812.jpg	104	81	214	191	350	254
587.jpg	21	19	50	48	175	131
589.jpg	156	60	201	105	299	299
593.jpg	168	105	236	173	292	451
1586.jpg	124	97	229	202	300	411
2001.jpg	117	115	185	183	350	463
601.jpg	116	84	216	184	350	250
602.jpg	80	90	201	211	300	385
603.jpg	40	29	103	92	148	110
605.jpg	23	46	89	112	108	128
609.jpg	26	34	83	91	144	126
628.jpg	32	53	92	113	141	186
611.jpg	64	6	95	37	158	158
612.jpg	78	41	115	78	174	174
613.jpg	19	53	102	136	263	169
619.jpg	229	85	323	179	350	233
622.jpg	60	26	135	101	200	225
623.jpg	86	34	117	65	180	255
624.jpg	140	80	195	135	350	210
625.jpg	57	98	165	206	215	300
630.jpg	122	27	194	99	300	180
632.jpg	27	53	80	106	110	137
638.jpg	70	94	183	207	350	469
642.jpg	15	49	73	107	160	158
1177.jpg	157	169	258	270	306	369
652.jpg	61	33	91	63	200	197
654.jpg	96	92	184	180	350	260
655.jpg	108	49	172	113	300	225
814.jpg	141	100	223	182	350	350
659.jpg	221	54	283	116	350	242
660.jpg	104	104	193	193	310	411
665.jpg	89	22	117	50	200	176
669.jpg	98	67	186	155	350	367
670.jpg	116	66	174	124	294	400
671.jpg	114	47	155	88	240	209
672.jpg	50	40	111	101	150	119
673.jpg	166	39	226	99	328	500
675.jpg	210	141	307	238	350	348
676.jpg	71	62	198	189	320	240
679.jpg	85	46	136	97	203	152
681.jpg	99	79	216	196	281	258
682.jpg	242	61	318	137	350	262
687.jpg	50	32	94	76	131	170
691.jpg	49	136	199	286	322	308
692.jpg	80	44	176	140	266	200
697.jpg	131	77	221	167	350	210
698.jpg	187	30	230	73	350	233
700.jpg	44	88	183	227	200	300
701.jpg	55	47	104	96	320	242
703.jpg	100	24	130	54	180	130
704.jpg	113	79	240	206	350	262
706.jpg	100	93	198	191	330	369
708.jpg	20	219	139	338	322	480
2016.jpg	151	98	269	216	350	462
710.jpg	44	23	91	70	100	100
816.jpg	58	73	183	198	300	225
712.jpg	120	49	169	98	246	242
716.jpg	162	10	211	59	322	158
717.jpg	98	108	276	286	350	350
718.jpg	24	46	92	114	100	143
721.jpg	33	16	96	79	159	119
1670.jpg	60	67	156	163	350	262
726.jpg	104	89	241	226	350	247
727.jpg	121	60	238	177	345	563
1611.jpg	121	69	177	125	345	556
1918.jpg	64	157	197	290	350	397
1654.jpg	107	140	242	275	350	519
735.jpg	56	24	84	52	122	122
1103.jpg	113	49	181	117	350	487
739.jpg	85	99	193	207	285	400
740.jpg	129	113	235	219	284	400
828.jpg	38	46	113	121	147	176
744.jpg	185	63	226	104	350	267
745.jpg	83	31	112	60	200	150
749.jpg	64	98	180	214	230	306
753.jpg	128	59	160	91	180	240
755.jpg	98	39	127	68	183	148
757.jpg	78	39	109	70	181	240
1985.jpg	118	51	281	214	350	262
761.jpg	101	139	262	300	320	420
767.jpg	151	90	231	170	350	300
769.jpg	154	115	204	165	350	229
776.jpg	143	98	212	167	343	707
777.jpg	75	89	163	177	240	320
779.jpg	73	107	232	266	264	400
780.jpg	109	39	178	108	280	378
782.jpg	33	80	140	187	175	229
783.jpg	115	58	175	118	290	235
970.jpg	135	61	202	128	320	240
794.jpg	22	51	78	107	106	160
795.jpg	55	66	194	205	200	281
796.jpg	104	160	259	315	350	468
798.jpg	96	36	146	86	220	320
801.jpg	151	161	240	250	300	300
802.jpg	32	51	95	114	150	150
1293.jpg	112	110	239	237	313	400
2025.jpg	116	76	190	150	350	316
813.jpg	69	75	97	103	158	119
821.jpg	52	30	118	96	160	124
1315.jpg	112	42	155	85	350	262
826.jpg	159	72	273	186	350	270
829.jpg	38	30	71	63	100	100
831.jpg	88	113	228	253	350	384
1338.jpg	106	76	181	151	350	537
836.jpg	32	45	72	85	100	120
838.jpg	75	39	133	97	225	307
841.jpg	77	75	175	173	250	232
842.jpg	174	40	240	106	350	255
849.jpg	69	64	137	132	180	193
850.jpg	69	98	135	164	350	242
853.jpg	93	69	160	136	345	400
859.jpg	119	69	167	117	250	250
914.jpg	39	37	94	92	156	181
862.jpg	119	154	288	323	350	494
863.jpg	79	45	124	90	346	300
864.jpg	146	42	213	109	350	460
867.jpg	36	99	147	210	277	379
868.jpg	76	60	121	105	208	289
873.jpg	138	39	207	108	350	420
878.jpg	23	12	97	86	120	100
882.jpg	77	57	116	96	200	269
884.jpg	163	13	237	87	244	183
885.jpg	290	47	333	90	350	321
889.jpg	55	63	101	109	150	150
892.jpg	146	154	253	261	350	455
893.jpg	63	24	136	97	213	159
894.jpg	125	87	200	162	350	445
895.jpg	25	52	145	172	157	189
898.jpg	60	75	151	166	199	194
1512.jpg	31	110	187	266	350	345
906.jpg	56	33	83	60	140	140
908.jpg	89	156	266	333	283	425
913.jpg	165	51	272	158	350	203
915.jpg	66	17	126	77	140	105
921.jpg	67	140	179	252	269	360
947.jpg	167	61	227	121	260	319
923.jpg	115	65	231	181	350	262
1815.jpg	85	189	327	431	350	481
926.jpg	37	26	66	55	100	100
929.jpg	65	23	90	48	128	128
932.jpg	43	34	121	112	155	155
933.jpg	146	65	188	107	350	397
936.jpg	34	34	100	100	128	128
938.jpg	63	122	234	293	320	439
941.jpg	129	26	203	100	320	240
945.jpg	69	65	115	111	170	170
949.jpg	48	58	74	84	113	170
950.jpg	95	118	289	312	312	350
952.jpg	25	55	86	116	127	170
954.jpg	63	29	90	56	150	139
956.jpg	71	38	117	84	200	200
964.jpg	37	52	104	119	147	170
972.jpg	32	31	60	59	100	100
975.jpg	106	83	178	155	350	561
977.jpg	106	121	228	243	350	437
978.jpg	104	39	138	73	200	282
979.jpg	122	47	192	117	350	216
985.jpg	70	22	112	64	203	152
990.jpg	146	61	193	108	350	350
992.jpg	78	92	150	164	350	490
994.jpg	54	81	148	175	182	240
1002.jpg	161	39	271	149	350	197
1004.jpg	37	68	104	135	143	165
1010.jpg	127	63	190	126	313	314
1014.jpg	59	65	104	110	150	133
1019.jpg	56	40	100	84	160	128
1021.jpg	198	81	305	188	320	320
1022.jpg	39	39	78	78	201	139
1023.jpg	109	56	210	157	324	220
1026.jpg	133	134	295	296	327	450
1027.jpg	68	28	98	58	142	144
1030.jpg	60	53	94	87	345	240
1836.jpg	72	148	179	255	350	541
1033.jpg	98	143	205	250	350	278
1034.jpg	110	45	177	112	241	300
1035.jpg	84	36	134	86	213	297
1037.jpg	38	41	92	95	119	160
1038.jpg	55	45	94	84	150	116
1526.jpg	77	108	170	201	264	400
1041.jpg	180	17	221	58	240	214
1043.jpg	112	39	159	86	223	300
1047.jpg	50	42	104	96	160	120
1048.jpg	40	40	98	98	100	152
1049.jpg	64	80	97	113	200	200
1050.jpg	175	112	229	166	323	289
1051.jpg	13	58	41	86	150	104
1054.jpg	164	47	193	76	350	237
1064.jpg	42	124	238	320	280	390
1066.jpg	59	27	84	52	141	131
1068.jpg	86	31	113	58	180	180
1772.jpg	72	122	213	263	350	383
1071.jpg	160	36	192	68	350	225
1077.jpg	44	29	68	53	150	150
1986.jpg	150	74	214	138	350	310
1079.jpg	80	84	187	191	234	258
1081.jpg	78	50	123	95	200	200
1083.jpg	76	36	125	85	223	121
1087.jpg	134	57	184	107	350	499
1089.jpg	177	63	260	146	350	410
1090.jpg	50	41	84	75	150	195
1092.jpg	202	118	280	196	320	450
1147.jpg	67	61	136	130	225	225
1114.jpg	71	100	163	192	250	290
1765.jpg	114	98	201	185	350	359
1120.jpg	20	10	121	111	140	140
1121.jpg	135	50	236	151	350	223
1123.jpg	121	119	199	197	300	300
1125.jpg	69	61	96	88	167	200
1126.jpg	65	43	145	123	220	180
1132.jpg	86	92	205	211	316	316
1540.jpg	221	87	288	154	350	262
1141.jpg	64	39	103	78	160	115
1144.jpg	68	41	118	91	209	320
1145.jpg	119	171	201	253	350	573
1148.jpg	74	42	127	95	189	279
1150.jpg	56	45	134	123	300	231
1152.jpg	98	113	205	220	265	345
1156.jpg	81	25	114	58	160	200
1159.jpg	81	70	169	158	270	218
1160.jpg	61	16	92	47	125	125
1164.jpg	49	22	104	77	260	384
1165.jpg	66	38	98	70	148	170
1166.jpg	60	47	170	157	350	233
1167.jpg	136	46	202	112	300	180
1170.jpg	30	21	86	77	128	128
1173.jpg	40	48	89	97	123	180
1176.jpg	148	124	224	200	350	354
1179.jpg	104	36	136	68	158	179
1181.jpg	136	136	230	230	350	336
1620.jpg	119	171	238	290	350	410
1189.jpg	156	50	204	98	250	164
1190.jpg	77	55	156	134	235	235
1195.jpg	53	5	82	34	101	101
1196.jpg	170	53	231	114	250	250
1198.jpg	103	84	198	179	350	218
1200.jpg	131	108	183	160	350	465
1203.jpg	95	41	220	166	320	240
1204.jpg	118	56	193	131	300	360
1205.jpg	152	90	261	199	350	287
1481.jpg	164	102	250	188	350	437
1529.jpg	149	83	247	181	350	436
1210.jpg	155	192	262	299	316	410
1211.jpg	73	68	130	125	170	170
1214.jpg	84	126	253	295	350	376
1220.jpg	108	63	224	179	320	240
1221.jpg	52	167	104	219	350	242
1222.jpg	12	118	173	279	252	306
1223.jpg	47	56	119	128	200	160
1224.jpg	168	121	213	166	350	253
1225.jpg	99	43	139	83	248	290
1229.jpg	80	47	144	111	200	225
1235.jpg	110	27	224	141	326	168
1244.jpg	54	38	107	91	140	105
1245.jpg	178	64	246	132	350	233
1248.jpg	55	60	110	115	240	195
1249.jpg	29	81	136	188	240	424
1250.jpg	68	89	175	196	350	433
1251.jpg	131	34	173	76	200	163
1255.jpg	39	25	89	75	120	91
1257.jpg	62	29	92	59	150	180
1259.jpg	79	110	206	237	296	400
1260.jpg	143	97	224	178	350	262
1261.jpg	117	30	154	67	180	131
1264.jpg	57	51	100	94	150	123
1265.jpg	49	30	91	72	153	226
1278.jpg	123	86	211	174	344	344
1587.jpg	135	115	206	186	350	527
1285.jpg	127	65	173	111	294	400
1286.jpg	105	129	232	256	350	469
1288.jpg	121	47	180	106	350	243
1294.jpg	43	69	150	176	200	260
1295.jpg	50	47	134	131	173	240
1299.jpg	82	68	119	105	140	140
1301.jpg	39	26	79	66	150	110
1303.jpg	66	72	136	142	250	250
1304.jpg	72	72	166	166	235	320
1305.jpg	167	59	236	128	350	547
1308.jpg	207	56	266	115	350	286
1311.jpg	214	100	308	194	350	262
1880.jpg	92	70	200	178	350	519
1316.jpg	41	52	116	127	290	272
1317.jpg	52	75	161	184	200	286
1535.jpg	129	132	218	221	350	530
1322.jpg	201	87	270	156	350	531
1326.jpg	118	58	158	98	250	249
1328.jpg	63	31	93	61	160	130
1329.jpg	42	48	82	88	118	160
1336.jpg	23	39	51	67	101	139
1340.jpg	89	68	192	171	336	500
1345.jpg	50	57	109	116	350	262
1641.jpg	209	84	326	201	350	300
1431.jpg	71	80	127	136	267	400
1348.jpg	215	128	285	198	350	528
1349.jpg	49	52	111	114	160	160
1350.jpg	47	26	73	52	160	160
1351.jpg	148	49	182	83	211	211
1385.jpg	37	54	139	156	350	251
1356.jpg	93	27	174	108	350	382
1360.jpg	99	122	232	255	350	526
1361.jpg	52	89	164	201	350	477
1362.jpg	47	179	131	263	350	367
1367.jpg	58	51	97	90	350	266
1372.jpg	174	74	252	152	350	457
1375.jpg	77	90	198	211	300	423
1376.jpg	50	8	179	137	350	262
1377.jpg	240	150	308	218	350	373
1378.jpg	90	70	179	159	300	400
1379.jpg	148	0	251	103	350	214
1381.jpg	77	59	181	163	318	460
1382.jpg	77	71	160	154	271	400
1383.jpg	40	60	100	120	133	170
1386.jpg	106	73	182	149	350	287
1392.jpg	138	26	179	67	198	125
1393.jpg	115	45	189	119	350	220
1395.jpg	72	91	181	200	350	302
1399.jpg	69	92	152	175	215	300
1401.jpg	64	44	128	108	189	300
1403.jpg	60	64	136	140	350	259
1405.jpg	95	193	267	365	350	512
1406.jpg	50	42	115	107	172	129
1412.jpg	150	130	218	198	350	485
1415.jpg	81	72	192	183	350	231
1419.jpg	106	100	146	140	236	300
1424.jpg	48	121	194	267	350	437
1428.jpg	61	68	162	169	350	275
1430.jpg	11	43	45	77	200	194
1433.jpg	218	126	268	176	350	232
1435.jpg	83	45	145	107	200	307
1436.jpg	68	209	197	338	350	526
1441.jpg	81	77	147	143	250	258
1443.jpg	122	58	182	118	350	475
1445.jpg	43	127	118	202	350	266
1446.jpg	210	54	252	96	314	236
1449.jpg	147	108	174	135	350	452
1450.jpg	28	23	78	73	198	157
1451.jpg	141	147	254	260	350	504
1454.jpg	96	58	163	125	225	167
1455.jpg	106	76	143	113	188	266
1457.jpg	121	87	166	132	350	353
1458.jpg	119	131	207	219	350	422
1461.jpg	213	89	324	200	350	227
1471.jpg	80	69	140	129	250	198
1472.jpg	81	134	137	190	222	314
1473.jpg	130	37	179	86	350	234
1477.jpg	89	179	275	365	350	479
1478.jpg	179	168	242	231	350	498
1484.jpg	72	38	103	69	206	262
1485.jpg	119	146	273	300	350	521
1486.jpg	131	106	237	212	289	384
1488.jpg	224	53	294	123	350	247
1489.jpg	232	56	283	107	350	218
1496.jpg	133	82	217	166	350	214
1498.jpg	210	132	263	185	350	529
1500.jpg	144	160	196	212	350	401
1501.jpg	33	4	67	38	260	218
1502.jpg	87	47	144	104	250	372
1503.jpg	172	133	242	203	350	457
1507.jpg	123	96	233	206	350	480
1509.jpg	44	111	155	222	250	315
1513.jpg	213	54	269	110	350	280
1514.jpg	131	128	228	225	350	502
1519.jpg	229	161	288	220	344	344
1523.jpg	165	101	238	174	350	330
1524.jpg	78	51	226	199	350	493
1525.jpg	67	94	171	198	350	459
1530.jpg	133	98	188	153	350	348
2056.jpg	130	58	280	208	350	280
1533.jpg	69	66	112	109	170	168
2068.jpg	63	75	155	167	251	269
1538.jpg	165	58	329	222	350	262
1541.jpg	45	76	134	165	200	281
1542.jpg	53	60	106	113	123	159
1547.jpg	107	76	168	137	350	224
1548.jpg	193	121	301	229	350	451
2012.jpg	31	76	108	153	350	474
1550.jpg	62	50	133	121	145	150
1558.jpg	102	81	173	152	300	397
1559.jpg	163	83	260	180	350	277
1720.jpg	101	96	168	163	320	400
1567.jpg	132	22	159	49	170	116
1573.jpg	145	111	272	238	350	571
1577.jpg	135	58	203	126	350	475
1580.jpg	125	110	275	260	350	490
1581.jpg	121	75	188	142	350	262
1582.jpg	22	18	46	42	139	104
1583.jpg	51	90	86	125	150	240
1584.jpg	122	88	242	208	320	420
1585.jpg	258	23	323	88	350	233
1597.jpg	143	112	224	193	339	500
1599.jpg	47	31	89	73	150	109
1602.jpg	229	35	271	77	350	279
1604.jpg	270	88	317	135	350	466
1610.jpg	26	110	262	346	350	466
1612.jpg	56	127	211	282	350	507
1613.jpg	125	85	184	144	350	481
1615.jpg	27	52	94	119	130	173
1616.jpg	123	79	221	177	350	376
1617.jpg	210	177	327	294	350	492
1618.jpg	161	120	251	210	350	497
1619.jpg	137	127	275	265	350	437
1621.jpg	120	55	166	101	244	183
1622.jpg	194	77	295	178	331	502
1625.jpg	235	150	303	218	350	370
1626.jpg	136	87	211	162	350	480
1628.jpg	11	70	42	101	150	123
1630.jpg	78	24	105	51	160	153
1632.jpg	66	56	122	112	200	214
1637.jpg	114	67	189	142	350	233
1643.jpg	99	35	135	71	200	198
1645.jpg	72	78	131	137	222	300
1646.jpg	63	130	202	269	350	415
1656.jpg	223	52	317	146	350	273
1657.jpg	47	28	81	62	159	120
1956.jpg	88	80	204	196	350	262
1666.jpg	142	112	201	171	320	480
1667.jpg	164	37	192	65	198	133
1668.jpg	104	61	141	98	240	157
1669.jpg	96	71	260	235	350	434
1671.jpg	69	62	165	158	200	176
1672.jpg	118	124	230	236	350	473
1676.jpg	208	51	282	125	320	400
1678.jpg	97	59	194	156	320	260
1683.jpg	121	75	204	158	350	406
1687.jpg	160	49	210	99	350	254
1689.jpg	125	23	189	87	350	408
1692.jpg	113	78	177	142	323	400
1694.jpg	57	49	131	123	199	200
1696.jpg	38	79	142	183	350	214
1699.jpg	31	105	94	168	350	269
1704.jpg	113	111	186	184	280	384
1707.jpg	142	74	189	121	350	240
1708.jpg	166	125	262	221	350	508
1710.jpg	169	85	289	205	350	284
1711.jpg	43	101	130	188	198	259
1712.jpg	126	35	178	87	350	234
1713.jpg	139	82	230	173	350	280
1714.jpg	102	92	159	149	242	350
1715.jpg	140	61	214	135	350	527
2058.jpg	126	76	197	147	350	524
1723.jpg	121	102	209	190	350	489
1726.jpg	228	28	279	79	350	262
1729.jpg	79	58	119	98	225	327
1731.jpg	81	107	174	200	350	410
1733.jpg	173	64	251	142	350	299
1734.jpg	120	57	181	118	350	376
1738.jpg	89	139	241	291	350	530
1740.jpg	164	151	309	296	350	564
1741.jpg	248	144	299	195	327	476
1742.jpg	141	134	238	231	350	345
1743.jpg	106	116	210	220	350	505
1744.jpg	42	26	69	53	128	126
1745.jpg	155	126	271	242	350	670
1748.jpg	155	112	204	161	350	262
1898.jpg	102	117	185	200	323	500
1754.jpg	161	161	302	302	350	456
1756.jpg	121	105	225	209	350	486
1758.jpg	141	121	227	207	350	459
1763.jpg	60	133	253	326	350	497
1767.jpg	31	116	138	223	350	895
1778.jpg	89	150	222	283	350	531
1779.jpg	53	16	143	106	182	136
1780.jpg	63	150	151	238	275	374
1784.jpg	58	64	149	155	350	234
1785.jpg	102	146	227	271	350	347
1788.jpg	135	89	198	152	350	384
1790.jpg	77	101	197	221	290	400
1792.jpg	134	178	276	320	350	511
1793.jpg	74	112	155	193	350	380
1794.jpg	210	124	297	211	350	300
1799.jpg	107	128	310	331	350	495
1803.jpg	42	40	91	89	133	200
1804.jpg	26	21	54	49	133	100
1805.jpg	67	68	135	136	350	460
1807.jpg	22	46	81	105	150	173
1808.jpg	114	78	177	141	302	390
1813.jpg	73	26	100	53	170	199
1817.jpg	155	108	222	175	350	523
1818.jpg	88	52	167	131	240	287
1820.jpg	52	34	105	87	150	100
1821.jpg	137	49	268	180	327	213
1823.jpg	35	40	63	68	144	180
1826.jpg	86	137	191	242	250	335
1830.jpg	47	67	293	313	350	344
1831.jpg	117	111	209	203	350	511
1832.jpg	117	37	179	99	350	474
1834.jpg	100	210	317	427	350	536
1839.jpg	61	50	87	76	309	400
1841.jpg	118	75	182	139	274	384
1842.jpg	129	17	157	45	225	334
1845.jpg	184	75	238	129	300	251
1846.jpg	104	107	133	136	230	172
1848.jpg	55	55	132	132	210	305
1851.jpg	91	42	162	113	350	270
1852.jpg	212	35	273	96	350	290
1856.jpg	99	143	260	304	300	421
1857.jpg	52	37	92	77	133	190
1863.jpg	147	54	215	122	350	534
1871.jpg	194	75	256	137	350	350
1873.jpg	29	291	64	326	343	600
1874.jpg	100	111	242	253	350	375
1879.jpg	111	64	169	122	291	400
1883.jpg	133	42	188	97	350	225
1889.jpg	73	157	283	367	350	494
1892.jpg	106	103	173	170	350	493
1894.jpg	68	76	94	102	160	158
1895.jpg	41	63	142	164	200	279
1897.jpg	30	25	58	53	182	137
1902.jpg	69	137	260	328	310	385
1903.jpg	27	103	79	155	230	306
1905.jpg	56	32	83	59	168	200
1906.jpg	103	81	167	145	350	434
1907.jpg	142	138	176	172	350	350
1910.jpg	126	82	185	141	350	477
1913.jpg	24	13	51	40	104	165
1914.jpg	223	89	295	161	342	420
1917.jpg	104	50	181	127	300	180
1921.jpg	120	64	198	142	350	504
1927.jpg	229	28	279	78	350	272
1929.jpg	148	152	203	207	350	237
1933.jpg	105	141	189	225	350	312
1938.jpg	33	57	77	101	120	150
1939.jpg	225	74	313	162	350	262
1940.jpg	98	69	160	131	287	450
1944.jpg	165	68	245	148	350	219
1948.jpg	250	45	311	106	350	263
1949.jpg	36	48	96	108	135	135
1951.jpg	155	90	223	158	350	524
1959.jpg	76	126	166	216	250	326
1963.jpg	129	67	182	120	350	258
1964.jpg	153	103	208	158	350	445
1966.jpg	166	63	238	135	350	350
1967.jpg	101	99	230	228	350	487
1971.jpg	37	60	130	153	200	191
1973.jpg	116	48	209	141	350	254
1975.jpg	74	122	175	223	275	386
1981.jpg	97	46	176	125	193	240
1982.jpg	151	190	305	344	350	462
1984.jpg	84	93	171	180	350	504
1987.jpg	84	99	174	189	350	514
1988.jpg	140	31	175	66	220	220
1989.jpg	84	84	198	198	350	311
1993.jpg	41	59	265	283	320	320
1994.jpg	104	140	236	272	350	343
1996.jpg	204	74	276	146	350	216
1997.jpg	119	75	206	162	350	283
1999.jpg	119	75	168	124	311	400
2002.jpg	102	77	180	155	314	409
2004.jpg	112	51	165	104	290	382
2010.jpg	80	131	214	265	299	400
2013.jpg	46	78	139	171	350	233
2017.jpg	82	44	129	91	350	299
2019.jpg	100	34	148	82	295	400
2022.jpg	117	130	285	298	291	400
2023.jpg	124	182	256	314	350	331
2031.jpg	137	125	223	211	350	445
2032.jpg	81	86	198	203	350	528
2034.jpg	139	54	212	127	350	323
2038.jpg	181	223	258	300	350	457
2045.jpg	119	154	227	262	285	400
2048.jpg	70	104	98	132	200	281
2049.jpg	175	79	214	118	350	350
2054.jpg	122	46	150	74	180	135
2055.jpg	39	20	67	48	100	148
2059.jpg	159	92	224	157	350	497
2061.jpg	35	45	85	95	125	168
2071.jpg	201	50	244	93	350	262
2072.jpg	87	86	130	129	170	188
2073.jpg	21	102	115	196	170	240
2074.jpg	58	42	104	88	182	137
2075.jpg	210	65	284	139	350	447
2084.jpg	146	78	217	149	303	400
2087.jpg	50	29	79	58	170	174
2088.jpg	93	32	131	70	250	250
2090.jpg	82	23	110	51	176	200
2091.jpg	130	134	301	305	350	539
