0.jpg	146	47	197	98	350	233
237.jpg	112	83	221	192	350	254
2.jpg	132	83	242	193	350	455
3.jpg	98	96	182	180	286	351
4.jpg	205	317	257	369	350	523
317.jpg	99	93	207	201	300	457
6.jpg	14	50	41	77	107	123
7.jpg	113	50	143	80	283	400
482.jpg	92	142	248	298	350	516
9.jpg	119	26	323	230	350	454
11.jpg	93	68	169	144	264	382
102.jpg	52	104	175	227	250	375
462.jpg	111	74	240	203	350	553
569.jpg	159	86	236	163	350	662
681.jpg	151	53	300	202	350	262
487.jpg	89	10	229	150	300	225
17.jpg	88	121	183	216	350	437
432.jpg	114	71	321	278	350	481
20.jpg	70	50	130	110	150	150
21.jpg	40	139	278	377	350	476
22.jpg	57	62	136	141	230	350
207.jpg	85	101	201	217	350	478
24.jpg	68	42	128	102	200	150
25.jpg	97	77	198	178	320	320
26.jpg	92	99	180	187	350	332
27.jpg	42	49	101	108	142	170
28.jpg	74	26	110	62	180	241
29.jpg	82	25	112	55	200	400
30.jpg	150	26	312	188	350	280
31.jpg	85	98	199	212	250	250
32.jpg	275	97	323	145	350	237
33.jpg	81	31	111	61	150	100
490.jpg	48	151	206	309	350	467
417.jpg	156	146	284	274	350	526
37.jpg	119	97	228	206	316	400
38.jpg	117	72	185	140	350	495
39.jpg	27	87	196	256	350	281
40.jpg	112	31	145	64	225	150
42.jpg	97	70	150	123	250	167
666.jpg	111	136	258	283	340	425
44.jpg	88	60	229	201	350	262
46.jpg	28	24	70	66	100	100
240.jpg	139	84	236	181	350	262
778.jpg	108	82	190	164	350	592
49.jpg	123	61	182	120	250	350
168.jpg	45	110	179	244	250	360
51.jpg	101	36	131	66	150	107
173.jpg	126	80	216	170	350	256
124.jpg	128	114	268	254	336	500
431.jpg	72	38	278	244	350	262
86.jpg	140	29	240	129	300	300
57.jpg	152	76	219	143	350	490
58.jpg	99	26	141	68	350	284
60.jpg	132	156	330	354	350	452
62.jpg	122	118	237	233	350	333
63.jpg	75	38	132	95	215	280
467.jpg	143	176	284	317	350	544
341.jpg	108	74	237	203	300	260
66.jpg	158	68	226	136	350	438
68.jpg	43	24	85	66	125	125
69.jpg	22	62	61	101	105	150
70.jpg	63	43	162	142	350	315
71.jpg	32	23	93	84	100	134
676.jpg	142	42	205	105	344	450
331.jpg	132	40	192	100	276	480
74.jpg	125	112	220	207	350	352
196.jpg	69	48	145	124	240	160
579.jpg	155	51	235	131	350	230
623.jpg	79	99	196	216	300	450
79.jpg	132	116	230	214	350	485
80.jpg	74	38	103	67	162	202
81.jpg	47	70	149	172	195	195
181.jpg	139	98	258	217	350	478
408.jpg	126	86	224	184	350	512
87.jpg	25	18	61	54	135	180
729.jpg	140	68	213	141	350	628
89.jpg	46	12	109	75	140	105
95.jpg	23	14	314	305	350	341
91.jpg	78	66	164	152	250	359
640.jpg	163	64	269	170	350	262
191.jpg	83	86	258	261	319	424
94.jpg	143	105	258	220	350	443
130.jpg	57	175	262	380	350	433
264.jpg	62	122	246	306	350	497
141.jpg	47	55	123	131	149	200
99.jpg	47	37	115	105	140	140
584.jpg	129	42	189	102	350	262
363.jpg	118	93	230	205	350	426
104.jpg	112	83	241	212	350	477
105.jpg	162	81	279	198	350	442
554.jpg	80	44	212	176	350	465
108.jpg	160	71	231	142	350	474
192.jpg	48	85	138	175	220	280
466.jpg	46	97	151	202	350	487
333.jpg	105	132	240	267	350	490
571.jpg	87	47	151	111	350	262
119.jpg	108	113	205	210	318	400
121.jpg	142	80	285	223	350	483
122.jpg	22	28	79	85	110	110
751.jpg	101	152	244	295	350	665
126.jpg	154	64	216	126	350	355
127.jpg	55	44	91	80	150	150
134.jpg	150	54	228	132	350	232
135.jpg	24	28	72	76	100	130
137.jpg	84	65	211	192	320	240
138.jpg	37	29	109	101	160	120
435.jpg	61	132	211	282	350	574
140.jpg	74	166	238	330	350	524
142.jpg	130	99	240	209	350	456
146.jpg	105	169	190	254	300	382
147.jpg	69	30	100	61	213	340
148.jpg	50	44	98	92	125	200
149.jpg	64	25	122	83	350	337
253.jpg	191	75	242	126	297	225
151.jpg	178	81	251	154	350	554
285.jpg	42	83	140	181	200	273
155.jpg	98	69	193	164	350	473
156.jpg	134	87	240	193	350	513
157.jpg	34	38	86	90	150	150
161.jpg	39	38	68	67	110	138
162.jpg	105	67	189	151	300	358
165.jpg	110	57	188	135	300	321
712.jpg	50	56	115	121	128	160
423.jpg	63	153	257	347	350	467
171.jpg	74	143	165	234	350	524
174.jpg	20	57	58	95	100	141
175.jpg	42	34	83	75	118	170
176.jpg	52	80	144	172	214	265
177.jpg	92	83	184	175	303	375
178.jpg	104	30	261	187	350	262
531.jpg	139	61	232	154	350	223
703.jpg	175	49	229	103	310	500
494.jpg	55	52	107	104	350	262
185.jpg	30	49	86	105	122	223
186.jpg	132	44	165	77	210	139
720.jpg	181	47	265	131	350	262
189.jpg	42	79	104	141	350	304
190.jpg	91	67	176	152	350	455
193.jpg	77	52	153	128	350	455
197.jpg	52	32	91	71	174	276
199.jpg	46	11	72	37	124	160
258.jpg	185	48	279	142	350	262
327.jpg	97	60	185	148	270	270
205.jpg	159	61	240	142	350	239
208.jpg	68	30	111	73	129	200
210.jpg	56	40	90	74	128	160
289.jpg	109	110	230	231	300	400
212.jpg	83	81	174	172	292	400
213.jpg	96	93	190	187	305	320
215.jpg	35	150	327	442	350	477
218.jpg	46	31	75	60	120	180
223.jpg	141	62	254	175	350	518
226.jpg	62	42	128	108	190	250
230.jpg	38	11	88	61	150	150
233.jpg	33	20	59	46	107	170
234.jpg	120	135	262	277	350	436
235.jpg	40	37	74	71	110	160
236.jpg	49	18	73	42	126	170
238.jpg	58	71	110	123	150	150
662.jpg	78	180	204	306	350	748
242.jpg	131	136	258	263	320	480
243.jpg	128	80	230	182	312	549
244.jpg	34	30	67	63	96	140
245.jpg	88	73	136	121	350	282
246.jpg	46	12	338	304	350	456
249.jpg	142	104	248	210	350	523
576.jpg	122	74	208	160	350	556
255.jpg	129	149	156	176	350	293
256.jpg	78	94	216	232	350	445
513.jpg	136	56	186	106	350	343
262.jpg	134	90	198	154	350	536
263.jpg	120	83	184	147	300	400
265.jpg	215	89	284	158	350	607
266.jpg	120	52	199	131	247	180
268.jpg	117	10	191	84	290	150
269.jpg	105	103	196	194	350	459
610.jpg	130	105	188	163	300	435
774.jpg	136	41	194	99	350	276
731.jpg	88	156	190	258	350	494
277.jpg	68	39	111	82	139	180
279.jpg	183	64	281	162	350	555
280.jpg	120	19	250	149	350	262
281.jpg	125	101	212	188	330	330
397.jpg	36	122	269	355	350	434
284.jpg	61	18	86	43	130	163
288.jpg	50	39	95	84	130	180
292.jpg	102	103	200	201	268	402
293.jpg	182	89	305	212	350	522
294.jpg	130	76	192	138	350	540
295.jpg	43	56	97	110	140	184
297.jpg	40	29	74	63	100	80
298.jpg	55	39	123	107	218	150
301.jpg	111	68	159	116	242	382
302.jpg	40	39	94	93	114	170
304.jpg	62	54	139	131	230	298
305.jpg	60	27	89	56	133	180
686.jpg	112	16	328	232	350	454
309.jpg	32	38	60	66	100	167
310.jpg	83	61	119	97	300	224
399.jpg	184	59	294	169	350	262
312.jpg	69	150	201	282	350	536
607.jpg	172	92	259	179	350	429
315.jpg	90	51	119	80	180	158
316.jpg	217	75	293	151	350	262
322.jpg	35	40	83	88	122	170
323.jpg	216	84	264	132	350	283
537.jpg	204	36	277	109	350	262
326.jpg	180	24	208	52	350	344
330.jpg	119	91	212	184	350	476
332.jpg	63	15	91	43	150	100
334.jpg	105	44	186	125	300	200
336.jpg	99	34	125	60	170	113
337.jpg	70	86	183	199	300	300
338.jpg	96	45	141	90	250	167
339.jpg	63	20	90	47	200	150
521.jpg	230	56	331	157	350	262
345.jpg	51	22	76	47	128	170
349.jpg	24	28	70	74	100	100
350.jpg	207	77	255	125	350	283
351.jpg	162	79	204	121	320	240
353.jpg	79	87	164	172	225	338
354.jpg	29	38	69	78	110	165
355.jpg	55	51	109	105	150	183
404.jpg	86	52	217	183	350	428
359.jpg	44	39	85	80	150	188
539.jpg	165	81	272	188	350	437
369.jpg	157	65	228	136	350	246
370.jpg	163	94	275	206	350	467
372.jpg	33	31	82	80	118	160
373.jpg	14	44	77	107	120	120
374.jpg	98	45	280	227	350	262
375.jpg	103	176	251	324	350	527
376.jpg	95	17	124	46	160	120
377.jpg	156	66	269	179	350	462
380.jpg	137	124	253	240	350	493
381.jpg	49	47	85	83	146	180
382.jpg	61	13	89	41	160	120
416.jpg	26	61	106	141	350	262
509.jpg	137	65	294	222	350	272
388.jpg	173	71	257	155	350	230
390.jpg	234	27	305	98	350	262
391.jpg	150	68	229	147	350	262
393.jpg	111	54	153	96	350	441
396.jpg	124	133	242	251	350	506
400.jpg	51	63	106	118	155	225
401.jpg	27	43	86	102	115	120
402.jpg	42	49	130	137	350	275
407.jpg	124	30	177	83	350	262
586.jpg	86	114	185	213	350	427
413.jpg	104	121	196	213	350	436
414.jpg	48	34	89	75	118	160
415.jpg	66	79	186	199	350	381
425.jpg	110	123	300	313	350	453
568.jpg	149	20	205	76	350	262
429.jpg	192	58	249	115	350	224
437.jpg	157	56	217	116	350	503
438.jpg	128	116	226	214	350	397
439.jpg	134	71	218	155	350	492
440.jpg	117	51	177	111	319	480
444.jpg	117	74	266	223	350	262
448.jpg	107	83	152	128	350	223
449.jpg	215	3	334	122	350	262
450.jpg	132	67	207	142	350	489
452.jpg	99	90	216	207	350	526
727.jpg	45	93	181	229	350	332
457.jpg	128	79	196	147	350	332
459.jpg	110	139	231	260	350	500
464.jpg	90	128	192	230	350	436
465.jpg	58	63	162	167	320	240
468.jpg	115	91	165	141	300	398
469.jpg	29	27	60	58	101	125
552.jpg	174	89	310	225	350	262
476.jpg	160	43	259	142	350	449
477.jpg	151	125	197	171	350	571
478.jpg	144	88	221	165	350	491
661.jpg	98	37	205	144	350	262
481.jpg	173	41	211	79	350	553
483.jpg	65	48	159	142	350	316
488.jpg	7	47	90	130	119	170
489.jpg	30	13	60	43	120	160
491.jpg	124	99	207	182	350	437
502.jpg	68	154	207	293	300	400
503.jpg	186	80	265	159	350	501
504.jpg	53	26	84	57	121	180
511.jpg	140	55	201	116	350	262
512.jpg	133	90	239	196	350	320
515.jpg	95	125	202	232	350	525
517.jpg	120	111	208	199	300	404
518.jpg	31	30	79	78	105	170
519.jpg	61	15	214	168	307	200
520.jpg	146	39	203	96	350	427
522.jpg	52	66	159	173	200	250
523.jpg	95	41	135	81	170	172
527.jpg	139	50	195	106	350	232
530.jpg	99	83	240	224	350	448
533.jpg	98	43	160	105	350	405
538.jpg	107	17	136	46	160	120
543.jpg	100	116	167	183	300	400
544.jpg	107	75	223	191	320	275
548.jpg	160	72	231	143	350	494
550.jpg	140	63	205	128	350	490
551.jpg	115	50	227	162	350	223
555.jpg	34	39	61	66	104	160
558.jpg	153	90	269	206	346	500
560.jpg	128	47	163	82	350	325
563.jpg	87	48	155	116	203	270
564.jpg	145	240	207	302	350	453
566.jpg	248	22	290	64	320	240
567.jpg	68	23	96	51	160	120
572.jpg	187	42	337	192	350	262
573.jpg	64	164	228	328	350	466
574.jpg	205	74	304	173	350	490
575.jpg	106	123	170	187	350	525
577.jpg	39	27	69	57	148	160
578.jpg	113	32	152	71	350	294
580.jpg	127	40	166	79	350	284
581.jpg	10	54	155	199	170	226
585.jpg	161	48	234	121	349	500
587.jpg	107	127	255	275	350	446
589.jpg	70	98	139	167	350	425
590.jpg	194	19	274	99	350	262
595.jpg	214	96	291	173	350	413
598.jpg	97	46	240	189	350	262
599.jpg	140	91	217	168	350	430
603.jpg	87	132	248	293	350	502
612.jpg	53	25	82	54	125	100
613.jpg	109	82	234	207	300	385
614.jpg	18	18	134	134	139	180
616.jpg	140	84	197	141	350	233
765.jpg	164	69	245	150	350	573
618.jpg	28	23	71	66	116	116
621.jpg	91	50	167	126	350	459
622.jpg	101	74	208	181	350	243
625.jpg	108	82	156	130	350	223
628.jpg	25	11	54	40	100	100
631.jpg	237	59	322	144	350	223
634.jpg	114	16	248	150	350	210
637.jpg	81	34	170	123	320	240
638.jpg	145	61	210	126	350	434
641.jpg	43	42	93	92	180	138
714.jpg	129	91	274	236	350	502
647.jpg	101	72	240	211	350	368
648.jpg	203	103	299	199	350	457
649.jpg	35	64	84	113	116	170
651.jpg	184	57	235	108	350	262
655.jpg	128	60	196	128	350	440
656.jpg	193	46	259	112	350	552
658.jpg	56	28	82	54	113	170
663.jpg	131	125	193	187	350	525
664.jpg	84	37	141	94	160	160
665.jpg	80	114	185	219	350	551
670.jpg	141	3	241	103	350	148
673.jpg	143	53	211	121	350	316
674.jpg	115	36	223	144	300	450
677.jpg	158	91	236	169	350	605
680.jpg	49	13	77	41	103	100
802.jpg	151	42	196	87	350	332
684.jpg	127	102	211	186	350	437
685.jpg	59	18	136	95	166	124
689.jpg	113	100	179	166	350	466
690.jpg	35	25	81	71	131	180
691.jpg	110	52	146	88	350	233
692.jpg	222	17	314	109	350	581
693.jpg	131	95	219	183	350	495
694.jpg	113	32	142	61	160	120
721.jpg	127	84	190	147	350	552
702.jpg	204	96	321	213	350	350
707.jpg	148	48	213	113	350	518
709.jpg	32	26	66	60	101	125
711.jpg	143	198	284	339	350	525
715.jpg	118	137	247	266	350	434
716.jpg	98	86	198	186	305	400
717.jpg	203	118	268	183	350	518
723.jpg	105	96	235	226	350	474
725.jpg	109	65	251	207	350	527
728.jpg	172	72	215	115	350	577
734.jpg	107	83	199	175	350	258
754.jpg	151	87	208	144	350	539
737.jpg	113	46	302	235	350	262
738.jpg	43	98	136	191	266	300
741.jpg	45	30	95	80	108	150
743.jpg	27	58	93	124	160	230
744.jpg	40	35	69	64	125	125
745.jpg	110	170	270	330	350	520
747.jpg	54	42	102	90	160	160
748.jpg	149	78	213	142	350	580
752.jpg	113	65	201	153	350	434
753.jpg	216	88	270	142	350	512
789.jpg	159	92	281	214	350	443
761.jpg	152	55	235	138	350	666
766.jpg	115	129	222	236	338	500
767.jpg	59	0	310	251	350	266
769.jpg	167	77	194	104	350	231
770.jpg	112	90	200	178	206	276
776.jpg	15	61	112	158	144	210
777.jpg	106	67	167	128	350	262
780.jpg	38	27	71	60	120	120
782.jpg	231	42	308	119	350	229
783.jpg	123	33	153	63	300	199
785.jpg	132	80	230	178	350	436
786.jpg	57	41	92	76	150	150
791.jpg	33	33	72	72	140	160
792.jpg	45	35	93	83	142	183
793.jpg	62	140	227	305	350	492
795.jpg	59	19	86	46	170	200
796.jpg	90	69	205	184	300	470
798.jpg	179	87	293	201	350	511
805.jpg	208	78	263	133	350	526
806.jpg	168	30	205	67	350	291
810.jpg	119	65	208	154	350	380
811.jpg	250	48	309	107	350	262
812.jpg	87	110	267	290	350	494
814.jpg	146	181	187	222	205	271
