4890.jpg	17	91	113	187	300	425
5241.jpg	112	22	177	87	289	480
5251.jpg	98	91	212	205	350	570
4624.jpg	159	87	234	162	350	422
1608.jpg	86	106	256	276	350	350
5.jpg	21	20	70	69	120	100
903.jpg	128	20	244	136	350	256
7.jpg	19	74	120	175	180	240
821.jpg	70	7	207	144	250	175
1649.jpg	75	125	228	278	300	380
96.jpg	60	94	287	321	350	365
6235.jpg	59	123	217	281	350	499
2080.jpg	20	11	299	290	350	494
1128.jpg	115	118	226	229	350	437
3389.jpg	150	55	226	131	350	477
3559.jpg	121	103	263	245	350	443
6252.jpg	115	113	224	222	350	354
1788.jpg	198	96	275	173	350	329
18.jpg	95	82	184	171	331	398
4186.jpg	34	9	254	229	350	289
3805.jpg	105	139	209	243	350	526
6283.jpg	139	74	213	148	350	262
1603.jpg	91	61	157	127	244	222
4344.jpg	141	59	192	110	350	428
25.jpg	35	43	90	98	125	124
26.jpg	105	94	187	176	350	437
3066.jpg	72	47	148	123	350	262
2379.jpg	67	126	157	216	200	314
5126.jpg	126	68	218	160	350	604
4401.jpg	180	46	307	173	350	261
1189.jpg	106	62	204	160	281	351
32.jpg	36	29	78	71	106	116
4567.jpg	80	29	285	234	350	262
3206.jpg	185	72	265	152	350	477
131.jpg	136	119	263	246	350	463
37.jpg	90	115	179	204	350	525
38.jpg	144	93	217	166	350	441
39.jpg	134	46	201	113	350	400
4868.jpg	117	137	228	248	350	490
41.jpg	133	109	250	226	350	548
42.jpg	33	38	93	98	127	160
2988.jpg	88	138	276	326	299	400
44.jpg	68	120	181	233	350	537
2621.jpg	84	128	282	326	350	475
46.jpg	25	108	137	220	350	262
3950.jpg	74	109	238	273	350	447
4762.jpg	108	115	257	264	350	427
6457.jpg	70	136	254	320	333	500
50.jpg	75	73	159	157	285	214
51.jpg	122	87	281	246	350	306
52.jpg	21	32	66	77	107	134
786.jpg	57	83	165	191	350	490
54.jpg	93	96	271	274	350	420
55.jpg	96	32	143	79	240	200
56.jpg	128	88	238	198	350	494
3782.jpg	81	164	258	341	350	441
110.jpg	102	128	225	251	350	502
1653.jpg	89	98	223	232	320	372
2509.jpg	102	108	205	211	308	269
63.jpg	85	110	312	337	350	429
4699.jpg	78	131	258	311	350	523
4563.jpg	56	85	198	227	350	350
2570.jpg	124	81	198	155	340	407
2519.jpg	68	108	309	349	350	471
5410.jpg	99	128	221	250	350	433
4702.jpg	120	51	267	198	350	447
71.jpg	117	114	237	234	350	391
72.jpg	51	25	100	74	150	200
5088.jpg	118	67	313	262	350	280
74.jpg	28	47	111	130	120	179
75.jpg	93	157	218	282	350	481
77.jpg	89	161	189	261	350	530
3205.jpg	138	121	249	232	350	509
80.jpg	169	99	245	175	350	486
2683.jpg	129	56	206	133	350	525
82.jpg	43	41	109	107	195	262
4465.jpg	42	95	297	350	350	429
1700.jpg	148	87	241	180	350	472
1233.jpg	89	133	230	274	350	546
1093.jpg	52	38	301	287	350	350
5752.jpg	97	117	203	223	350	526
664.jpg	127	86	256	215	350	300
334.jpg	125	184	286	345	350	483
5482.jpg	76	155	121	200	350	388
94.jpg	63	42	106	85	108	150
95.jpg	227	61	275	109	350	262
4778.jpg	122	144	247	269	350	473
3259.jpg	25	153	186	314	350	332
99.jpg	56	98	121	163	278	380
5914.jpg	110	80	188	158	350	453
1714.jpg	110	24	265	179	350	240
4479.jpg	142	50	201	109	340	480
103.jpg	141	96	220	175	350	382
2658.jpg	46	45	89	88	170	260
108.jpg	12	25	43	56	102	111
109.jpg	162	105	251	194	350	350
2280.jpg	96	128	235	267	350	502
2752.jpg	77	114	221	258	350	636
2009.jpg	89	105	184	200	350	525
192.jpg	104	93	304	293	350	476
115.jpg	139	82	202	145	350	541
6531.jpg	126	90	234	198	323	400
118.jpg	63	117	216	270	350	467
2681.jpg	160	47	246	133	300	150
4911.jpg	214	60	256	102	350	262
560.jpg	17	113	134	230	350	261
123.jpg	42	30	74	62	131	160
125.jpg	287	38	340	91	350	262
935.jpg	158	135	316	293	350	462
129.jpg	128	69	187	128	350	466
3874.jpg	7	44	193	230	350	377
6429.jpg	144	110	258	224	350	798
136.jpg	30	22	59	51	114	170
3540.jpg	116	122	253	259	350	437
139.jpg	106	111	211	216	350	537
4292.jpg	53	106	215	268	350	436
141.jpg	103	93	235	225	350	500
142.jpg	61	31	90	60	150	113
1083.jpg	127	78	223	174	346	400
1958.jpg	164	95	276	207	350	483
2616.jpg	148	82	216	150	350	437
146.jpg	67	78	132	143	211	309
147.jpg	41	170	72	201	350	269
149.jpg	205	50	244	89	350	445
150.jpg	61	37	118	94	187	249
151.jpg	94	91	218	215	350	351
4627.jpg	21	68	119	166	346	500
153.jpg	91	69	167	145	303	450
3491.jpg	111	74	249	212	350	442
2098.jpg	92	60	211	179	350	466
5282.jpg	230	57	269	96	345	500
260.jpg	152	61	257	166	350	437
611.jpg	88	114	166	192	300	300
160.jpg	154	112	230	188	350	550
162.jpg	15	49	68	102	152	200
164.jpg	65	89	209	233	350	542
1854.jpg	88	44	148	104	286	354
2560.jpg	178	85	243	150	350	434
947.jpg	175	32	217	74	350	210
170.jpg	97	137	202	242	300	300
171.jpg	59	33	102	76	150	233
172.jpg	130	90	259	219	350	322
1853.jpg	136	91	221	176	350	437
6054.jpg	259	67	309	117	350	262
176.jpg	92	28	126	62	160	118
177.jpg	115	85	192	162	350	375
2946.jpg	73	103	214	244	350	467
3516.jpg	150	96	213	159	350	368
180.jpg	148	42	190	84	350	242
2803.jpg	27	7	293	273	300	300
5924.jpg	60	96	185	221	320	480
6216.jpg	97	169	241	313	350	427
481.jpg	91	73	200	182	350	262
1726.jpg	43	354	113	424	350	494
195.jpg	159	76	258	175	350	462
3271.jpg	161	111	303	253	350	560
4549.jpg	38	38	280	280	350	714
4734.jpg	66	111	176	221	350	466
6417.jpg	169	46	251	128	350	467
201.jpg	145	73	220	148	350	455
1124.jpg	71	18	214	161	350	262
203.jpg	81	97	194	210	350	262
1936.jpg	135	70	248	183	350	474
205.jpg	83	30	123	70	200	196
2445.jpg	59	85	133	159	300	444
1840.jpg	32	147	281	396	320	450
208.jpg	127	47	203	123	350	432
2074.jpg	151	73	255	177	350	259
1601.jpg	107	107	221	221	300	350
212.jpg	62	12	90	40	160	214
213.jpg	152	71	217	136	350	536
4546.jpg	144	82	223	161	350	535
216.jpg	110	53	218	161	342	369
217.jpg	103	191	199	287	350	581
219.jpg	134	98	174	138	350	432
4005.jpg	61	109	277	325	350	478
221.jpg	51	35	79	63	121	165
222.jpg	11	45	90	124	350	459
223.jpg	87	88	222	223	350	262
224.jpg	108	100	177	169	281	350
227.jpg	111	53	196	138	300	300
285.jpg	131	205	258	332	350	525
375.jpg	143	58	235	150	350	233
1536.jpg	110	8	331	229	350	280
231.jpg	157	83	275	201	350	350
4013.jpg	166	89	268	191	350	466
233.jpg	107	72	175	140	270	400
6337.jpg	101	101	256	256	350	439
236.jpg	121	77	233	189	300	430
238.jpg	50	93	193	236	350	442
240.jpg	166	52	209	95	340	340
241.jpg	120	110	241	231	300	375
244.jpg	149	49	215	115	350	250
245.jpg	88	44	131	87	250	364
246.jpg	12	18	43	49	105	105
247.jpg	146	98	288	240	350	498
248.jpg	69	115	178	224	301	420
249.jpg	70	65	202	197	298	300
915.jpg	135	96	215	176	350	433
2284.jpg	36	38	215	217	240	320
4218.jpg	78	66	159	147	350	262
255.jpg	172	25	201	54	300	200
256.jpg	165	88	235	158	350	490
257.jpg	161	24	249	112	350	233
3242.jpg	121	7	229	115	350	262
3429.jpg	102	96	183	177	350	471
261.jpg	217	38	281	102	350	466
263.jpg	47	44	90	87	180	180
265.jpg	111	168	202	259	350	434
3798.jpg	118	105	284	271	350	435
267.jpg	86	83	206	203	280	390
268.jpg	64	117	195	248	294	450
269.jpg	127	89	204	166	350	531
4950.jpg	188	66	259	137	350	469
274.jpg	46	1	77	32	150	150
2638.jpg	156	49	281	174	350	226
276.jpg	85	88	204	207	298	377
5719.jpg	62	197	244	379	350	537
5901.jpg	189	70	278	159	350	476
4207.jpg	40	70	166	196	350	262
4194.jpg	83	168	291	376	350	497
2667.jpg	62	14	208	160	293	211
1146.jpg	102	62	197	157	350	235
3865.jpg	112	4	259	151	350	499
6061.jpg	167	61	322	216	350	494
292.jpg	40	83	139	182	350	259
5817.jpg	30	93	229	292	350	485
3525.jpg	125	39	177	91	350	376
1210.jpg	66	121	261	316	350	409
296.jpg	67	126	200	259	239	320
298.jpg	113	67	234	188	350	301
2498.jpg	102	120	240	258	260	370
302.jpg	148	51	199	102	336	415
6372.jpg	145	49	209	113	350	555
2522.jpg	38	93	122	177	350	490
309.jpg	85	193	225	333	350	407
1001.jpg	98	133	152	187	250	354
2248.jpg	72	138	171	237	350	687
316.jpg	123	60	219	156	350	222
1589.jpg	145	94	260	209	350	280
661.jpg	162	43	217	98	350	388
2768.jpg	57	63	155	161	211	207
324.jpg	97	42	154	99	250	187
325.jpg	163	94	267	198	350	350
5879.jpg	155	114	297	256	350	486
5692.jpg	83	92	189	198	350	525
330.jpg	36	42	78	84	350	262
331.jpg	74	113	132	171	350	404
335.jpg	53	37	99	83	162	248
336.jpg	132	116	191	175	350	459
6168.jpg	140	144	229	233	295	425
338.jpg	30	100	178	248	350	350
340.jpg	125	58	200	133	290	288
6244.jpg	92	123	210	241	350	415
4963.jpg	75	109	300	334	350	437
348.jpg	78	78	172	172	350	511
1928.jpg	142	104	211	173	350	416
1970.jpg	131	122	281	272	350	417
356.jpg	131	52	205	126	240	168
4316.jpg	165	69	237	141	350	468
5741.jpg	164	95	246	177	350	262
360.jpg	73	12	105	44	135	180
362.jpg	104	56	157	109	265	400
3003.jpg	241	44	323	126	350	231
6173.jpg	114	15	212	113	221	320
925.jpg	175	76	304	205	350	262
367.jpg	109	71	205	167	350	245
1698.jpg	91	112	195	216	350	518
6388.jpg	101	62	252	213	350	280
4150.jpg	39	124	201	286	350	410
379.jpg	72	51	117	96	132	200
380.jpg	84	204	187	307	306	422
3836.jpg	115	109	213	207	323	480
384.jpg	69	31	116	78	150	113
385.jpg	121	59	253	191	350	262
2374.jpg	53	93	187	227	350	262
387.jpg	36	62	101	127	300	300
4897.jpg	154	120	278	244	350	523
2058.jpg	128	69	193	134	350	342
395.jpg	152	152	258	258	350	525
398.jpg	86	65	121	100	300	323
2200.jpg	168	61	246	139	350	496
404.jpg	171	21	209	59	350	225
407.jpg	85	94	187	196	241	400
2919.jpg	182	43	240	101	350	388
409.jpg	65	39	148	122	300	451
2826.jpg	71	128	181	238	330	493
415.jpg	43	38	84	79	120	180
416.jpg	214	76	276	138	350	525
4224.jpg	82	35	278	231	350	262
421.jpg	43	41	87	85	99	139
422.jpg	38	51	85	98	150	150
423.jpg	30	37	70	77	100	121
2928.jpg	126	133	234	241	350	438
1402.jpg	86	43	212	169	350	509
426.jpg	230	49	286	105	350	268
6468.jpg	105	138	236	269	350	473
431.jpg	40	56	160	176	240	320
434.jpg	237	59	301	123	350	284
437.jpg	75	72	162	159	310	450
6381.jpg	72	64	141	133	230	306
5253.jpg	22	98	151	227	300	434
442.jpg	60	110	89	139	180	240
989.jpg	40	48	77	85	118	170
2938.jpg	72	129	243	300	350	454
2103.jpg	133	78	216	161	350	578
450.jpg	94	75	221	202	350	456
454.jpg	133	142	263	272	350	525
455.jpg	27	123	288	384	350	525
6254.jpg	78	142	178	242	350	453
459.jpg	114	149	199	234	350	529
3686.jpg	97	127	215	245	350	525
559.jpg	35	56	110	131	150	180
4055.jpg	75	153	268	346	350	440
4376.jpg	110	38	241	169	350	424
467.jpg	62	18	90	46	125	160
470.jpg	136	24	206	94	350	233
3497.jpg	103	85	186	168	350	462
3801.jpg	94	113	219	238	350	523
4230.jpg	227	41	288	102	350	229
477.jpg	16	28	47	59	292	292
482.jpg	3	40	46	83	100	100
604.jpg	49	37	101	89	138	160
488.jpg	134	72	261	199	350	262
490.jpg	55	43	102	90	179	220
493.jpg	174	94	252	172	350	435
1028.jpg	109	72	207	170	350	541
582.jpg	95	95	183	183	260	339
501.jpg	73	78	186	191	265	400
1279.jpg	180	65	250	135	350	504
1841.jpg	27	36	176	185	200	200
3544.jpg	126	129	241	244	350	520
512.jpg	44	37	80	73	128	160
1443.jpg	100	92	206	198	313	400
515.jpg	61	96	132	167	225	300
517.jpg	39	17	69	47	102	111
518.jpg	215	58	244	87	350	406
521.jpg	56	14	86	44	150	147
522.jpg	153	48	223	118	350	330
2913.jpg	76	38	139	101	350	262
3354.jpg	103	168	288	353	350	498
6310.jpg	167	95	228	156	350	433
529.jpg	40	19	67	46	106	130
6001.jpg	133	104	239	210	350	463
531.jpg	136	141	232	237	350	465
537.jpg	75	19	196	140	250	167
538.jpg	38	23	68	53	160	120
2501.jpg	137	40	212	115	350	262
3504.jpg	147	61	249	163	350	502
542.jpg	106	51	191	136	350	233
2168.jpg	32	108	193	269	350	440
545.jpg	86	100	164	178	341	500
6297.jpg	10	45	236	271	242	300
548.jpg	55	6	154	105	300	200
5024.jpg	135	38	295	198	350	350
3733.jpg	98	112	217	231	350	527
551.jpg	136	101	245	210	350	476
554.jpg	120	69	213	162	350	234
1187.jpg	129	97	203	171	350	399
3802.jpg	103	87	254	238	350	386
931.jpg	194	80	279	165	350	299
564.jpg	87	67	193	173	285	214
5968.jpg	145	50	232	137	350	556
2122.jpg	181	115	274	208	350	621
570.jpg	75	26	287	238	350	334
572.jpg	88	51	153	116	200	178
779.jpg	121	55	196	130	350	259
579.jpg	18	36	51	69	158	118
581.jpg	206	74	285	153	350	471
583.jpg	83	100	179	196	249	381
584.jpg	41	36	84	79	119	170
586.jpg	59	21	88	50	166	216
588.jpg	251	73	346	168	350	295
3002.jpg	22	35	57	70	104	128
675.jpg	115	48	188	121	350	369
593.jpg	108	95	220	207	300	300
594.jpg	50	55	123	128	180	274
6219.jpg	123	90	237	204	350	545
2385.jpg	64	59	153	148	222	253
1090.jpg	76	161	221	306	300	410
5455.jpg	11	117	166	272	350	445
602.jpg	157	91	304	238	350	484
603.jpg	121	70	185	134	350	259
5348.jpg	127	158	243	274	350	423
609.jpg	156	56	194	94	350	394
3056.jpg	151	54	208	111	350	441
615.jpg	45	35	92	82	128	160
616.jpg	94	46	151	103	240	320
617.jpg	132	79	203	150	350	230
618.jpg	231	58	279	106	350	459
866.jpg	16	77	177	238	350	262
3252.jpg	114	115	199	200	350	429
626.jpg	91	28	118	55	150	209
1439.jpg	148	111	256	219	350	726
679.jpg	83	34	149	100	250	350
631.jpg	155	59	237	141	350	507
2117.jpg	166	174	252	260	334	475
635.jpg	83	26	127	70	177	177
636.jpg	116	39	163	86	196	224
637.jpg	104	101	232	229	350	262
906.jpg	20	31	161	172	350	233
3362.jpg	99	109	203	213	350	318
646.jpg	58	35	101	78	145	193
2575.jpg	81	126	198	243	350	448
6138.jpg	122	88	215	181	350	525
650.jpg	41	152	250	361	350	492
652.jpg	242	104	290	152	350	262
654.jpg	26	23	89	86	100	136
1488.jpg	127	109	249	231	350	312
656.jpg	278	121	337	180	350	345
657.jpg	177	75	229	127	350	418
659.jpg	78	103	186	211	240	320
665.jpg	107	86	224	203	295	315
667.jpg	13	82	72	141	350	263
669.jpg	31	82	156	207	230	300
794.jpg	48	77	104	133	195	250
672.jpg	93	78	148	133	200	290
2690.jpg	98	69	182	153	350	418
676.jpg	156	57	203	104	350	326
680.jpg	68	39	109	80	158	208
3435.jpg	72	56	135	119	320	240
1254.jpg	57	163	223	329	350	526
5221.jpg	100	58	176	134	350	456
4306.jpg	129	146	240	257	350	513
690.jpg	226	25	287	86	350	496
692.jpg	159	57	289	187	350	255
694.jpg	120	102	183	165	350	524
695.jpg	29	66	93	130	100	164
696.jpg	193	32	291	130	350	377
849.jpg	138	68	194	124	350	433
699.jpg	18	5	59	46	107	160
703.jpg	149	135	262	248	350	416
704.jpg	51	19	77	45	108	150
705.jpg	110	80	188	158	350	412
706.jpg	86	19	124	57	210	210
709.jpg	102	74	213	185	300	318
713.jpg	100	21	129	50	180	120
718.jpg	27	50	108	131	150	300
3606.jpg	202	98	322	218	350	327
4437.jpg	124	172	225	273	350	479
724.jpg	75	213	213	351	350	524
3563.jpg	48	94	170	216	350	382
726.jpg	105	145	219	259	338	470
727.jpg	110	38	186	114	350	299
731.jpg	114	60	168	114	250	505
732.jpg	89	64	160	135	228	320
733.jpg	44	15	71	42	114	160
738.jpg	47	75	118	146	160	265
3514.jpg	153	54	193	94	350	453
741.jpg	144	84	248	188	350	218
745.jpg	129	195	305	371	350	449
748.jpg	61	31	100	70	179	270
756.jpg	48	32	76	60	108	150
4439.jpg	131	123	246	238	350	428
763.jpg	64	75	132	143	350	236
926.jpg	124	117	269	262	350	425
766.jpg	72	101	204	233	350	284
3114.jpg	123	70	190	137	350	526
4690.jpg	160	64	238	142	350	466
769.jpg	113	80	223	190	350	219
771.jpg	72	69	140	137	180	251
774.jpg	18	62	53	97	148	222
776.jpg	45	66	118	139	125	165
5954.jpg	115	150	203	238	350	525
780.jpg	56	22	88	54	130	219
781.jpg	184	59	221	96	320	240
783.jpg	48	67	140	159	186	205
796.jpg	121	118	221	218	350	437
6256.jpg	88	112	249	273	350	480
3016.jpg	151	82	235	166	350	419
1833.jpg	135	62	213	140	350	564
806.jpg	94	76	223	205	318	377
807.jpg	105	182	264	341	350	548
4228.jpg	63	50	111	98	180	220
6162.jpg	58	94	163	199	350	262
816.jpg	269	44	317	92	350	231
891.jpg	119	131	228	240	273	375
823.jpg	84	98	158	172	200	240
3185.jpg	152	51	218	117	350	231
3597.jpg	0	104	203	307	350	479
830.jpg	111	72	185	146	300	320
832.jpg	38	43	90	95	140	140
833.jpg	104	173	169	238	350	361
2782.jpg	75	127	193	245	350	496
837.jpg	84	104	169	189	350	350
838.jpg	105	96	208	199	249	303
839.jpg	99	11	280	192	350	227
840.jpg	132	71	187	126	350	459
844.jpg	47	34	76	63	150	206
4384.jpg	85	127	228	270	350	511
848.jpg	51	46	110	105	200	200
1411.jpg	122	86	224	188	350	398
855.jpg	156	51	202	97	350	232
856.jpg	89	102	214	227	350	497
5292.jpg	98	154	247	303	350	550
862.jpg	187	66	259	138	350	488
3533.jpg	96	116	236	256	350	521
1120.jpg	101	78	191	168	350	256
865.jpg	187	52	263	128	315	180
868.jpg	44	49	99	104	143	200
871.jpg	90	94	179	183	350	523
877.jpg	139	125	239	225	350	536
880.jpg	79	136	256	313	350	445
881.jpg	116	128	248	260	350	487
882.jpg	119	98	195	174	350	544
1508.jpg	85	36	144	95	350	262
887.jpg	7	124	201	318	333	475
5660.jpg	86	75	163	152	350	523
889.jpg	62	36	87	61	128	160
1412.jpg	55	43	123	111	187	187
905.jpg	65	94	165	194	250	375
909.jpg	49	52	78	81	100	142
910.jpg	57	44	119	106	176	220
914.jpg	132	91	208	167	350	537
916.jpg	66	92	180	206	240	320
923.jpg	46	84	135	173	242	322
924.jpg	67	52	123	108	162	200
1196.jpg	66	24	99	57	157	146
932.jpg	32	73	113	154	156	200
6125.jpg	107	88	199	180	350	366
934.jpg	66	25	95	54	125	100
5572.jpg	77	127	200	250	350	530
940.jpg	82	84	205	207	315	275
941.jpg	42	22	85	65	160	120
946.jpg	56	130	168	242	300	385
948.jpg	89	121	232	264	350	523
5307.jpg	40	10	296	266	350	280
950.jpg	138	38	194	94	350	354
2933.jpg	87	33	254	200	350	262
3887.jpg	117	117	236	236	350	543
958.jpg	7	65	58	116	240	227
961.jpg	103	66	193	156	266	200
1371.jpg	126	68	221	163	310	466
964.jpg	153	71	216	134	350	262
966.jpg	94	107	166	179	350	513
2778.jpg	156	132	311	287	350	493
2935.jpg	125	64	216	155	350	549
977.jpg	16	104	219	307	350	386
1541.jpg	61	63	125	127	199	300
982.jpg	106	118	243	255	350	420
984.jpg	82	150	248	316	350	648
985.jpg	64	113	128	177	349	480
987.jpg	37	99	131	193	350	279
993.jpg	111	103	243	235	350	543
994.jpg	95	100	182	187	283	425
996.jpg	33	16	241	224	320	234
1672.jpg	64	83	169	188	250	353
1000.jpg	102	61	216	175	292	280
3351.jpg	40	143	280	383	350	449
4039.jpg	167	46	264	143	350	262
1005.jpg	108	18	294	204	350	425
2308.jpg	152	133	263	244	350	522
1008.jpg	41	21	69	49	121	170
1010.jpg	31	24	65	58	109	164
1012.jpg	59	20	85	46	135	178
1015.jpg	91	99	184	192	260	326
1016.jpg	29	32	69	72	90	120
1017.jpg	68	19	97	48	150	112
1020.jpg	76	33	108	65	180	135
1744.jpg	114	34	182	102	320	240
1026.jpg	71	62	106	97	200	303
1029.jpg	141	60	206	125	300	291
2897.jpg	188	103	295	210	350	280
1031.jpg	166	64	249	147	350	270
1033.jpg	42	58	84	100	133	200
2123.jpg	112	37	168	93	200	160
1037.jpg	78	19	109	50	160	120
1041.jpg	147	111	265	229	310	439
1043.jpg	51	99	150	198	201	302
4621.jpg	112	10	272	170	350	593
1048.jpg	63	52	97	86	134	200
1050.jpg	58	30	87	59	160	118
1052.jpg	73	48	119	94	196	354
1053.jpg	50	154	320	424	350	496
1054.jpg	140	7	228	95	350	253
1058.jpg	40	29	74	63	100	80
1066.jpg	95	73	242	220	350	472
4400.jpg	144	61	212	129	350	262
1071.jpg	60	110	171	221	300	450
6105.jpg	163	77	239	153	350	435
4455.jpg	175	60	246	131	350	233
1076.jpg	237	103	299	165	350	303
5510.jpg	120	129	210	219	312	390
1086.jpg	47	27	77	57	103	170
1087.jpg	17	28	42	53	128	107
1092.jpg	4	42	52	90	100	100
1095.jpg	32	39	79	86	100	100
5042.jpg	69	6	294	231	350	262
1104.jpg	127	60	188	121	255	397
1105.jpg	150	100	207	157	350	232
3657.jpg	26	41	87	102	104	167
1107.jpg	73	20	101	48	200	150
1110.jpg	107	29	146	68	277	257
2797.jpg	156	64	198	106	350	467
1115.jpg	152	49	219	116	350	467
1116.jpg	81	74	192	185	250	336
1122.jpg	32	61	71	100	150	248
3702.jpg	128	104	250	226	350	513
1125.jpg	132	43	190	101	350	495
1126.jpg	92	33	128	69	200	150
4870.jpg	69	25	132	88	300	450
3940.jpg	96	138	239	281	350	525
2748.jpg	124	107	252	235	350	455
1134.jpg	58	21	84	47	124	160
1135.jpg	147	58	247	158	350	238
6501.jpg	108	96	189	177	350	434
2823.jpg	106	103	258	255	350	525
1141.jpg	59	65	161	167	300	200
5519.jpg	210	25	269	84	350	253
1145.jpg	157	106	296	245	350	473
1147.jpg	29	26	64	61	116	170
1166.jpg	105	106	203	204	335	273
1153.jpg	43	78	130	165	194	260
1156.jpg	61	38	101	78	120	150
1157.jpg	76	108	294	326	350	446
1158.jpg	32	73	105	146	300	400
5516.jpg	108	62	222	176	350	511
1170.jpg	26	84	108	166	230	318
1174.jpg	89	82	191	184	300	350
6111.jpg	145	63	192	110	350	420
1177.jpg	10	34	41	65	123	160
1178.jpg	98	68	177	147	197	220
1180.jpg	83	53	152	122	266	200
6085.jpg	139	92	216	169	350	560
1186.jpg	148	56	192	100	350	350
1250.jpg	101	107	256	262	350	463
1193.jpg	82	59	126	103	242	300
1195.jpg	71	126	204	259	300	470
1197.jpg	66	84	201	219	290	374
6185.jpg	92	158	263	329	350	525
1199.jpg	48	66	100	118	160	239
1200.jpg	29	64	130	165	238	286
4136.jpg	159	99	267	207	350	454
3080.jpg	72	116	249	293	350	471
1885.jpg	23	16	53	46	133	100
1209.jpg	61	91	167	197	228	300
2569.jpg	117	51	188	122	256	283
2523.jpg	137	118	213	194	300	350
1214.jpg	95	20	124	49	170	126
1219.jpg	29	56	57	84	121	195
1224.jpg	62	90	170	198	250	370
1225.jpg	110	102	202	194	298	419
1226.jpg	74	57	131	114	350	262
1234.jpg	38	33	82	77	100	100
1237.jpg	94	148	258	312	350	458
1238.jpg	163	122	264	223	340	425
1243.jpg	105	112	210	217	271	400
1245.jpg	11	95	114	198	350	278
2920.jpg	68	30	311	273	350	521
1248.jpg	132	151	245	264	350	564
1257.jpg	71	117	192	238	285	389
1259.jpg	92	105	237	250	342	500
1261.jpg	121	92	194	165	350	526
1267.jpg	64	103	201	240	275	324
1270.jpg	53	59	125	131	187	249
1271.jpg	92	34	148	90	240	135
1272.jpg	183	60	251	128	350	463
1273.jpg	185	82	293	190	350	245
1276.jpg	68	144	291	367	350	489
3121.jpg	113	73	206	166	350	505
1282.jpg	18	0	128	110	160	110
1283.jpg	39	33	73	67	103	128
1285.jpg	95	226	220	351	350	546
3513.jpg	120	133	241	254	350	526
1288.jpg	92	121	251	280	350	420
1289.jpg	57	70	106	119	260	300
1290.jpg	139	60	202	123	210	210
1291.jpg	220	40	281	101	350	262
5337.jpg	108	141	299	332	350	435
2193.jpg	36	36	92	92	140	205
1297.jpg	22	0	50	28	125	100
1299.jpg	135	133	232	230	350	451
1300.jpg	113	84	235	206	350	238
6389.jpg	137	57	209	129	350	459
4317.jpg	164	75	253	164	350	540
1309.jpg	29	99	156	226	260	321
1312.jpg	49	65	136	152	200	260
1318.jpg	27	38	91	102	120	180
2843.jpg	197	62	276	141	350	524
1326.jpg	117	42	179	104	300	400
1327.jpg	54	24	95	65	165	123
1330.jpg	48	115	231	298	276	400
1332.jpg	39	77	157	195	205	250
1334.jpg	81	97	184	200	300	400
5602.jpg	260	96	342	178	350	262
1342.jpg	68	117	185	234	300	400
1346.jpg	96	117	252	273	350	528
5140.jpg	220	44	287	111	350	508
2078.jpg	158	94	291	227	350	391
1355.jpg	95	44	161	110	240	265
3278.jpg	93	129	220	256	350	438
4415.jpg	126	79	212	165	350	518
1363.jpg	85	97	201	213	314	395
1364.jpg	60	66	142	148	180	240
1367.jpg	86	35	121	70	150	113
4405.jpg	53	98	183	228	350	429
1370.jpg	153	123	210	180	350	528
1378.jpg	67	47	120	100	275	243
3794.jpg	169	55	242	128	350	280
1382.jpg	65	56	133	124	150	213
1383.jpg	7	19	35	47	160	120
1384.jpg	53	56	116	119	171	250
1389.jpg	11	27	46	62	115	150
1390.jpg	68	53	145	130	245	308
1392.jpg	193	143	264	214	350	453
1394.jpg	33	36	61	64	108	128
1395.jpg	113	129	247	263	350	524
1397.jpg	30	21	69	60	100	100
6470.jpg	138	53	234	149	350	262
1406.jpg	156	59	215	118	350	452
1409.jpg	245	40	291	86	350	280
1414.jpg	81	78	175	172	259	400
1415.jpg	211	2	307	98	350	262
1417.jpg	22	40	72	90	105	150
1418.jpg	39	33	72	66	100	140
1421.jpg	12	67	70	125	112	170
1429.jpg	20	50	80	110	150	150
1431.jpg	100	85	145	130	170	250
1432.jpg	103	142	228	267	350	536
1445.jpg	53	44	138	129	171	250
1446.jpg	196	60	288	152	350	425
2313.jpg	49	110	220	281	263	400
1449.jpg	147	45	339	237	350	481
1450.jpg	96	51	134	89	350	300
5610.jpg	156	106	272	222	350	262
1454.jpg	38	24	67	53	113	170
1457.jpg	87	36	124	73	210	170
2801.jpg	248	123	310	185	350	509
1459.jpg	64	22	90	48	150	150
1460.jpg	39	50	78	89	110	170
2639.jpg	134	118	277	261	350	517
1465.jpg	117	38	176	97	295	340
1467.jpg	107	164	188	245	300	413
1469.jpg	62	26	126	90	191	220
1476.jpg	106	25	268	187	275	206
1478.jpg	123	29	166	72	275	205
1479.jpg	69	122	174	227	250	375
1482.jpg	107	64	248	205	350	262
1486.jpg	77	25	106	54	180	120
1493.jpg	49	22	79	52	120	144
3042.jpg	122	134	244	256	350	508
1499.jpg	103	109	208	214	350	430
1502.jpg	151	64	239	152	350	262
5043.jpg	291	22	333	64	350	262
3198.jpg	16	64	100	148	295	416
1641.jpg	179	123	310	254	350	525
1515.jpg	133	82	224	173	281	351
1522.jpg	165	36	200	71	350	156
4447.jpg	134	54	182	102	350	350
1525.jpg	43	20	75	52	115	100
1527.jpg	110	43	171	104	250	225
1528.jpg	115	36	227	148	299	210
1529.jpg	68	28	95	55	153	200
1531.jpg	82	4	114	36	150	150
3577.jpg	68	42	117	91	220	236
1538.jpg	7	38	65	96	116	147
2808.jpg	74	48	121	95	350	342
1545.jpg	146	141	228	223	350	525
1549.jpg	136	156	218	238	350	481
1551.jpg	134	51	189	106	320	240
4729.jpg	123	91	247	215	350	527
5142.jpg	28	174	280	426	350	532
1560.jpg	148	250	299	401	350	518
2199.jpg	95	78	171	154	305	400
5639.jpg	93	107	206	220	320	515
1578.jpg	136	81	224	169	293	399
3179.jpg	113	107	217	211	350	523
5871.jpg	104	110	258	264	350	528
1584.jpg	68	113	142	187	175	192
1586.jpg	32	56	113	137	150	200
4826.jpg	136	112	251	227	350	579
1591.jpg	108	26	137	55	160	136
1594.jpg	170	47	211	88	285	295
1596.jpg	141	110	264	233	350	395
1602.jpg	164	60	208	104	350	403
5681.jpg	135	128	304	297	350	404
5184.jpg	161	57	201	97	350	263
1610.jpg	26	25	145	144	215	165
1611.jpg	81	64	151	134	210	260
1617.jpg	118	91	197	170	350	572
1619.jpg	49	24	77	52	150	114
5488.jpg	93	102	262	271	350	472
1623.jpg	62	155	213	306	350	450
1624.jpg	73	46	115	88	210	210
1625.jpg	90	67	144	121	220	194
1626.jpg	210	44	294	128	320	500
1630.jpg	121	106	243	228	350	499
1634.jpg	58	32	102	76	160	150
1636.jpg	206	64	260	118	350	172
1637.jpg	61	45	99	83	150	150
1638.jpg	91	30	129	68	200	165
1639.jpg	32	42	85	95	124	170
1640.jpg	96	109	181	194	350	375
1644.jpg	68	194	313	439	350	508
2496.jpg	89	114	218	243	350	497
1652.jpg	68	28	98	58	143	170
1654.jpg	139	73	208	142	350	430
1658.jpg	140	142	266	268	290	424
1659.jpg	33	45	89	101	143	193
2884.jpg	111	203	209	301	350	429
1664.jpg	96	87	208	199	230	306
1667.jpg	76	74	186	184	250	301
1669.jpg	49	57	91	99	138	160
4996.jpg	141	34	210	103	350	378
1671.jpg	128	94	192	158	350	569
5805.jpg	65	125	203	263	335	500
1675.jpg	37	38	86	87	113	170
1677.jpg	94	59	156	121	200	285
1680.jpg	105	63	196	154	350	291
1682.jpg	263	29	291	57	300	107
1683.jpg	138	69	175	106	288	312
1685.jpg	242	139	284	181	350	471
5049.jpg	143	73	205	135	350	478
1689.jpg	54	27	96	69	160	112
1693.jpg	125	95	179	149	280	445
1697.jpg	138	65	203	130	229	193
1702.jpg	140	75	227	162	320	500
1704.jpg	178	57	261	140	330	241
1705.jpg	120	22	150	52	180	129
1706.jpg	48	37	94	83	160	120
1717.jpg	118	45	168	95	175	131
1718.jpg	91	88	138	135	200	282
1719.jpg	109	98	220	209	300	374
1720.jpg	143	94	208	159	350	298
5161.jpg	131	85	294	248	350	479
6452.jpg	45	91	84	130	350	233
1731.jpg	172	90	268	186	350	225
1733.jpg	71	137	213	279	350	482
1734.jpg	60	48	138	126	300	400
3398.jpg	189	72	243	126	350	520
1739.jpg	33	37	59	63	113	156
1748.jpg	60	15	86	41	135	150
1751.jpg	56	25	114	83	151	151
1752.jpg	47	26	85	64	133	200
1754.jpg	176	55	232	111	350	262
1758.jpg	128	55	191	118	350	507
1764.jpg	159	81	210	132	327	400
4854.jpg	93	177	210	294	350	450
2812.jpg	87	48	190	151	350	198
1771.jpg	51	25	156	130	171	138
1773.jpg	27	18	55	46	133	100
2210.jpg	87	114	222	249	350	369
1781.jpg	183	212	247	276	316	400
1792.jpg	64	27	93	56	156	150
2005.jpg	102	85	226	209	287	400
1797.jpg	181	59	251	129	350	263
1799.jpg	121	113	223	215	350	350
1805.jpg	56	22	85	51	155	103
1808.jpg	42	51	78	87	110	162
1809.jpg	195	57	252	114	350	262
1818.jpg	27	48	125	146	135	198
1820.jpg	128	83	231	186	350	243
1821.jpg	168	111	252	195	350	433
1822.jpg	103	102	257	256	350	350
1823.jpg	24	94	158	228	320	320
1824.jpg	82	87	121	126	297	400
1825.jpg	239	88	284	133	350	233
5437.jpg	10	61	66	117	152	214
1827.jpg	189	46	253	110	350	333
1832.jpg	181	70	267	156	350	483
1834.jpg	76	81	224	229	285	351
5732.jpg	87	65	226	204	350	262
1848.jpg	148	74	182	108	305	480
1849.jpg	49	72	115	138	142	199
1852.jpg	59	42	100	83	138	182
1860.jpg	68	162	116	210	350	487
1862.jpg	45	106	136	197	223	240
1868.jpg	139	96	226	183	350	391
1873.jpg	81	129	251	299	350	465
6288.jpg	83	173	190	280	350	491
1875.jpg	34	30	109	105	135	135
1877.jpg	31	39	78	86	104	150
1883.jpg	59	47	111	99	244	183
4967.jpg	94	84	149	139	239	320
4564.jpg	272	108	338	174	350	538
1903.jpg	51	35	97	81	184	153
1906.jpg	33	30	85	82	109	135
1907.jpg	90	45	163	118	350	233
1908.jpg	60	55	141	136	200	245
1913.jpg	78	134	233	289	350	437
1914.jpg	96	57	145	106	286	393
1921.jpg	132	48	179	95	350	262
1922.jpg	59	21	86	48	145	111
1926.jpg	92	74	200	182	296	222
1929.jpg	22	31	53	62	126	220
1934.jpg	130	78	181	129	350	254
1935.jpg	139	97	225	183	350	543
1943.jpg	258	58	309	109	350	263
1944.jpg	71	148	231	308	320	480
5796.jpg	137	152	228	243	350	437
1951.jpg	55	18	83	46	130	150
1966.jpg	92	80	146	134	300	518
3123.jpg	80	99	227	246	350	435
1975.jpg	201	79	277	155	350	262
1976.jpg	70	104	275	309	350	500
1977.jpg	160	103	251	194	350	491
1983.jpg	77	86	172	181	290	380
1984.jpg	110	164	204	258	340	516
1986.jpg	101	56	171	126	350	185
1988.jpg	55	108	125	178	298	448
1991.jpg	100	81	182	163	202	223
1992.jpg	40	53	69	82	108	150
1994.jpg	40	53	79	92	109	160
1995.jpg	196	25	239	68	350	156
2001.jpg	33	14	80	61	120	120
2006.jpg	205	140	303	238	350	491
2011.jpg	224	30	259	65	350	350
2015.jpg	65	30	150	115	220	129
2016.jpg	27	13	55	41	133	100
3913.jpg	129	62	180	113	350	522
2023.jpg	248	240	281	273	300	400
2026.jpg	116	58	181	123	205	306
2844.jpg	82	95	154	167	350	379
2032.jpg	247	106	314	173	350	262
4086.jpg	95	118	269	292	350	404
2039.jpg	105	65	181	141	350	490
2040.jpg	33	46	70	83	105	159
2041.jpg	128	75	206	153	350	525
2042.jpg	19	28	47	56	101	150
2044.jpg	42	53	231	242	350	302
2047.jpg	68	119	227	278	350	368
2052.jpg	151	55	187	91	350	526
2055.jpg	114	71	196	153	319	343
2056.jpg	130	36	204	110	350	456
2057.jpg	63	25	91	53	145	108
2061.jpg	119	167	197	245	300	375
2066.jpg	57	19	88	50	150	150
5058.jpg	91	94	176	179	350	457
2069.jpg	102	69	246	213	320	320
2075.jpg	94	126	278	310	350	508
2076.jpg	80	64	164	148	250	167
2081.jpg	92	70	164	142	350	254
2082.jpg	32	61	120	149	150	200
4044.jpg	134	115	225	206	350	432
2088.jpg	52	20	81	49	150	112
2089.jpg	45	17	69	41	124	160
2091.jpg	32	41	80	89	113	170
2095.jpg	47	33	76	62	103	150
2108.jpg	33	26	61	54	100	100
2109.jpg	47	108	167	228	316	311
2111.jpg	203	59	304	160	350	175
2112.jpg	179	58	237	116	350	254
2115.jpg	130	26	183	79	350	350
2120.jpg	133	80	199	146	350	524
3975.jpg	203	68	271	136	350	491
2125.jpg	35	48	84	97	100	152
2127.jpg	48	29	108	89	157	160
3059.jpg	127	157	227	257	350	432
2129.jpg	173	58	225	110	297	246
2131.jpg	92	134	227	269	314	352
5046.jpg	100	110	218	228	350	466
2148.jpg	41	6	78	43	120	120
2149.jpg	119	125	176	182	330	400
2150.jpg	74	115	175	216	260	390
2256.jpg	155	77	188	110	350	233
2152.jpg	184	48	264	128	350	218
2156.jpg	32	37	61	66	120	227
2162.jpg	79	96	189	206	350	400
2164.jpg	34	35	61	62	105	160
2166.jpg	32	19	60	47	160	119
2171.jpg	215	40	245	70	350	350
2172.jpg	98	26	128	56	218	250
2174.jpg	20	45	78	103	109	164
3311.jpg	135	55	216	136	350	262
2185.jpg	20	26	52	58	100	124
4701.jpg	110	61	185	136	350	350
2188.jpg	53	125	165	237	240	320
2191.jpg	276	38	311	73	350	262
2194.jpg	40	27	86	73	135	180
5789.jpg	182	58	263	139	320	240
2197.jpg	142	137	247	242	350	525
2201.jpg	94	133	255	294	350	519
2202.jpg	58	17	92	51	150	200
2205.jpg	175	107	244	176	350	507
4566.jpg	155	34	225	104	350	273
2207.jpg	100	90	205	195	300	300
2212.jpg	48	50	83	85	128	160
2215.jpg	197	27	277	107	350	262
5030.jpg	45	36	85	76	350	245
2221.jpg	102	63	134	95	240	320
2222.jpg	39	29	89	79	116	116
2225.jpg	59	130	197	268	236	300
2229.jpg	80	130	238	288	350	466
2232.jpg	93	82	178	167	270	346
2233.jpg	66	79	189	202	210	256
2242.jpg	130	86	207	163	321	400
2246.jpg	30	10	58	38	129	150
2247.jpg	89	48	135	94	240	360
2249.jpg	66	56	95	85	180	240
2252.jpg	44	45	82	83	113	170
2255.jpg	44	27	75	58	106	150
2262.jpg	97	136	217	256	350	564
2265.jpg	25	79	108	162	238	240
3328.jpg	107	83	227	203	299	420
2273.jpg	196	72	272	148	350	402
2276.jpg	102	101	235	234	350	496
2287.jpg	94	77	127	110	200	267
2288.jpg	15	52	119	156	350	173
2291.jpg	62	55	89	82	150	150
2297.jpg	124	259	162	297	350	445
2307.jpg	34	40	85	91	120	180
2314.jpg	125	99	246	220	350	447
5577.jpg	187	65	255	133	350	500
2327.jpg	87	79	167	159	266	400
2328.jpg	3	0	65	62	160	118
2330.jpg	267	127	307	167	350	262
3076.jpg	131	50	189	108	350	280
4409.jpg	132	58	268	194	350	430
2341.jpg	80	94	148	162	150	202
2701.jpg	39	89	255	305	350	428
2346.jpg	41	46	81	86	115	150
2349.jpg	81	3	107	29	170	128
2352.jpg	117	40	178	101	256	373
2360.jpg	90	90	207	207	350	478
4785.jpg	69	125	223	279	350	500
2366.jpg	40	54	98	112	150	225
2370.jpg	117	96	308	287	350	350
4100.jpg	105	77	198	170	350	311
2384.jpg	36	41	84	89	117	144
2388.jpg	79	126	177	224	350	437
2390.jpg	85	59	218	192	350	262
2393.jpg	132	67	261	196	350	238
4253.jpg	136	53	206	123	350	329
3521.jpg	156	69	223	136	350	282
2401.jpg	135	43	189	97	300	400
2405.jpg	28	49	80	101	114	170
2406.jpg	127	95	207	175	350	434
4730.jpg	86	145	174	233	350	527
6092.jpg	128	42	211	125	350	289
2409.jpg	209	86	246	123	350	350
2410.jpg	131	47	160	76	229	193
4519.jpg	110	122	244	256	350	494
2416.jpg	111	47	154	90	185	200
2420.jpg	103	109	249	255	350	531
5197.jpg	130	67	189	126	350	399
2487.jpg	128	107	214	193	317	400
2428.jpg	131	108	240	217	350	462
2430.jpg	74	96	194	216	249	381
2436.jpg	136	59	217	140	300	277
2438.jpg	3	116	129	242	230	332
2440.jpg	33	38	73	78	128	160
4060.jpg	180	250	254	324	350	357
2443.jpg	61	28	100	67	160	120
2444.jpg	111	25	149	63	200	252
2452.jpg	60	136	206	282	300	395
2453.jpg	123	169	271	317	350	525
2455.jpg	198	74	228	104	300	300
2456.jpg	99	94	234	229	350	562
2459.jpg	33	18	60	45	110	110
2461.jpg	170	53	218	101	350	420
2462.jpg	56	35	118	97	165	120
2463.jpg	86	75	136	125	308	500
2464.jpg	141	92	198	149	350	231
2465.jpg	77	80	125	128	200	150
2466.jpg	26	144	284	402	350	492
2468.jpg	67	39	108	80	127	250
2471.jpg	27	82	97	152	186	281
2486.jpg	27	37	73	83	113	123
2488.jpg	40	9	68	37	130	170
2489.jpg	114	169	233	288	350	446
2492.jpg	255	28	295	68	350	265
2494.jpg	59	117	154	212	210	300
2500.jpg	87	66	130	109	288	393
2502.jpg	35	14	64	43	109	100
2505.jpg	37	19	66	48	100	130
2640.jpg	87	67	173	153	300	200
2510.jpg	13	34	181	202	301	253
2511.jpg	26	14	55	43	150	175
2512.jpg	204	108	243	147	350	350
2515.jpg	98	118	242	262	298	373
2521.jpg	76	39	130	93	170	221
2527.jpg	146	29	188	71	350	262
2529.jpg	51	7	121	77	200	150
2530.jpg	41	27	79	65	135	135
2531.jpg	40	52	180	192	266	379
2536.jpg	60	53	112	105	200	200
2537.jpg	98	59	135	96	350	201
2539.jpg	151	49	194	92	300	375
2542.jpg	60	33	96	69	165	123
2545.jpg	90	180	250	340	300	380
2550.jpg	44	52	91	99	150	200
2551.jpg	93	27	120	54	154	116
5395.jpg	142	76	237	171	350	450
2561.jpg	13	106	137	230	223	421
2567.jpg	171	83	235	147	350	233
2568.jpg	26	45	76	95	166	216
2571.jpg	28	157	280	409	350	482
2578.jpg	20	100	146	226	350	262
2579.jpg	112	40	217	145	350	262
2582.jpg	65	36	178	149	256	256
3144.jpg	113	123	234	244	350	438
3285.jpg	130	87	208	165	350	649
2590.jpg	136	77	227	168	350	518
2592.jpg	47	34	74	61	126	170
2594.jpg	22	44	57	79	101	125
2645.jpg	116	119	258	261	350	471
2619.jpg	64	90	183	209	250	305
3371.jpg	72	85	329	342	350	455
2613.jpg	19	58	73	112	132	170
2614.jpg	65	52	111	98	136	200
4392.jpg	127	126	257	256	350	522
2628.jpg	175	66	273	164	350	262
2630.jpg	48	1	85	38	115	150
3425.jpg	131	31	201	101	350	550
2633.jpg	90	138	228	276	350	524
4674.jpg	132	58	196	122	350	453
2648.jpg	218	116	288	186	320	239
2649.jpg	55	35	84	64	147	180
2655.jpg	35	40	87	92	100	147
2657.jpg	115	58	179	122	350	404
3377.jpg	22	154	298	430	350	494
2664.jpg	55	66	132	143	150	184
2665.jpg	165	35	212	82	350	223
2669.jpg	30	50	67	87	110	170
2674.jpg	103	186	311	394	350	531
2682.jpg	109	100	213	204	319	480
2684.jpg	106	64	148	106	350	471
2689.jpg	10	39	86	115	100	133
5264.jpg	121	55	228	162	350	429
2692.jpg	69	24	96	51	197	300
2693.jpg	99	19	139	59	310	204
3055.jpg	110	82	256	228	350	393
2698.jpg	221	45	265	89	350	236
2705.jpg	105	93	184	172	350	344
2710.jpg	70	52	119	101	150	201
2711.jpg	111	120	222	231	301	450
2713.jpg	179	37	224	82	350	262
2714.jpg	66	78	149	161	226	292
2717.jpg	46	26	99	79	160	200
2720.jpg	48	108	122	182	262	350
2727.jpg	64	44	112	92	160	200
2728.jpg	12	79	41	108	300	300
2729.jpg	147	64	238	155	350	529
2730.jpg	71	32	99	60	152	130
2731.jpg	61	92	151	182	200	248
2741.jpg	157	43	213	99	350	512
2742.jpg	225	195	295	265	350	483
2750.jpg	103	72	261	230	350	294
2751.jpg	104	117	233	246	350	479
2753.jpg	117	99	234	216	350	430
2754.jpg	104	65	197	158	350	301
5745.jpg	72	110	231	269	350	525
2756.jpg	63	93	188	218	350	513
2760.jpg	51	30	88	67	150	150
2763.jpg	90	116	211	237	300	418
3977.jpg	118	115	234	231	350	464
2769.jpg	39	28	69	58	160	109
2774.jpg	82	67	168	153	225	300
2775.jpg	141	73	210	142	350	250
2780.jpg	29	23	57	51	100	150
2781.jpg	98	84	267	253	350	354
2791.jpg	182	94	248	160	350	435
3626.jpg	57	132	255	330	350	545
2804.jpg	204	41	271	108	350	262
2805.jpg	116	91	236	211	350	268
2818.jpg	115	68	207	160	350	432
5294.jpg	169	85	298	214	350	470
2835.jpg	106	116	212	222	322	400
2837.jpg	170	74	317	221	350	381
4227.jpg	95	81	241	227	350	262
2847.jpg	152	48	191	87	350	350
4303.jpg	122	113	195	186	350	434
5525.jpg	138	84	212	158	350	434
2856.jpg	130	93	252	215	350	262
5019.jpg	103	49	174	120	350	301
2866.jpg	55	29	117	91	350	290
4557.jpg	126	107	230	211	350	525
2893.jpg	48	37	83	72	138	200
2895.jpg	16	82	66	132	350	466
2902.jpg	126	98	167	139	350	347
5595.jpg	158	129	270	241	350	396
2905.jpg	79	63	172	156	350	427
2909.jpg	118	101	242	225	350	525
2911.jpg	23	17	74	68	100	100
2912.jpg	184	172	309	297	350	557
2915.jpg	159	144	240	225	350	525
2916.jpg	58	68	127	137	192	264
2917.jpg	159	118	268	227	350	473
2918.jpg	133	80	275	222	350	555
2926.jpg	80	84	170	174	300	412
2930.jpg	144	136	245	237	350	525
2934.jpg	194	202	298	306	350	398
2936.jpg	121	147	246	272	350	533
2939.jpg	263	41	299	77	350	523
2941.jpg	20	237	226	443	350	564
2942.jpg	103	91	234	222	350	425
2948.jpg	140	69	286	215	350	262
2955.jpg	12	35	216	239	350	262
2963.jpg	131	105	229	203	350	510
2968.jpg	40	19	65	44	106	160
2969.jpg	148	82	223	157	300	613
2977.jpg	100	86	230	216	350	350
2978.jpg	198	122	251	175	350	489
5808.jpg	62	208	262	408	350	471
5370.jpg	133	113	189	169	350	519
2987.jpg	44	47	89	92	134	200
2989.jpg	83	96	243	256	350	374
3586.jpg	0	0	350	350	350	448
5397.jpg	190	43	254	107	350	262
2995.jpg	53	27	79	53	150	150
2999.jpg	133	49	189	105	350	473
3006.jpg	119	56	202	139	350	299
5109.jpg	195	116	252	173	350	422
3018.jpg	187	98	234	145	350	284
3024.jpg	143	70	245	172	350	234
5414.jpg	129	94	224	189	350	387
3031.jpg	40	126	237	323	350	503
3035.jpg	57	32	89	64	150	150
3036.jpg	206	47	288	129	350	262
5175.jpg	148	97	227	176	350	435
3038.jpg	149	94	248	193	350	525
3062.jpg	80	34	229	183	240	260
3063.jpg	34	55	107	128	350	262
3070.jpg	180	97	256	173	350	412
3074.jpg	100	49	141	90	262	397
4092.jpg	111	57	172	118	350	277
3083.jpg	11	86	91	166	196	305
3086.jpg	180	80	285	185	350	262
3088.jpg	158	75	213	130	350	466
3096.jpg	157	31	192	66	350	262
3104.jpg	84	137	252	305	350	495
3115.jpg	215	47	262	94	350	262
3117.jpg	129	75	221	167	350	246
3122.jpg	99	90	211	202	337	500
3125.jpg	141	93	274	226	300	450
3127.jpg	175	76	224	125	350	432
3128.jpg	166	20	211	65	347	450
3131.jpg	18	22	67	71	120	160
3135.jpg	101	115	309	323	350	438
3136.jpg	59	14	116	71	150	107
3137.jpg	22	29	65	72	101	165
3139.jpg	94	176	244	326	350	533
3141.jpg	218	33	257	72	350	257
3143.jpg	113	79	197	163	350	424
3150.jpg	104	128	216	240	350	573
3162.jpg	133	61	184	112	350	452
5340.jpg	102	118	265	281	350	479
5503.jpg	246	29	303	86	350	262
4082.jpg	15	39	62	86	350	262
3182.jpg	141	63	197	119	350	533
3188.jpg	157	111	263	217	350	490
3189.jpg	103	101	216	214	350	524
6093.jpg	70	311	116	357	350	364
3197.jpg	140	48	188	96	327	500
3199.jpg	131	44	214	127	350	511
3200.jpg	26	8	87	69	140	100
3201.jpg	227	10	333	116	350	466
3210.jpg	36	121	216	301	350	340
3213.jpg	157	65	231	139	350	491
3214.jpg	60	31	100	71	126	200
3216.jpg	202	103	262	163	350	531
3220.jpg	82	167	229	314	350	525
3225.jpg	135	163	182	210	350	352
3231.jpg	106	148	225	267	350	486
3233.jpg	110	105	251	246	350	511
3240.jpg	231	51	293	113	350	289
3243.jpg	261	110	300	149	350	380
3447.jpg	91	115	207	231	350	429
3247.jpg	116	27	161	72	300	200
3250.jpg	115	52	189	126	350	500
3251.jpg	149	44	198	93	350	408
3253.jpg	45	25	69	49	150	150
3256.jpg	242	135	278	171	350	502
3261.jpg	82	58	129	105	200	307
3267.jpg	40	42	68	70	116	170
3268.jpg	50	33	83	66	110	150
3272.jpg	81	183	253	355	350	551
5945.jpg	31	73	151	193	350	433
3275.jpg	48	57	81	90	133	200
3276.jpg	64	19	93	48	150	201
3284.jpg	114	4	272	162	350	261
3289.jpg	99	78	152	131	350	498
3295.jpg	79	26	108	55	350	247
3296.jpg	153	23	208	78	350	186
3298.jpg	79	110	198	229	350	571
6354.jpg	131	110	227	206	350	512
3301.jpg	66	71	136	141	350	414
3302.jpg	56	261	95	300	350	478
3312.jpg	114	114	244	244	350	536
3314.jpg	106	54	163	111	250	398
3321.jpg	145	65	240	160	350	420
3330.jpg	185	77	273	165	350	536
3934.jpg	110	84	192	166	350	452
3334.jpg	137	159	226	248	350	413
3338.jpg	97	151	257	311	350	497
3339.jpg	78	112	153	187	350	532
3341.jpg	59	73	137	151	230	336
3342.jpg	14	36	61	83	100	100
3343.jpg	84	93	293	302	350	522
3348.jpg	55	63	139	147	200	240
3349.jpg	116	32	171	87	240	319
3350.jpg	137	108	240	211	350	350
3359.jpg	34	34	88	88	160	120
3360.jpg	51	16	87	52	150	150
3374.jpg	66	34	96	64	150	150
3375.jpg	204	49	273	118	350	456
3382.jpg	38	133	208	303	340	491
3565.jpg	201	46	253	98	350	280
3392.jpg	84	57	186	159	350	214
3405.jpg	144	105	256	217	350	527
3407.jpg	83	80	206	203	350	240
3408.jpg	137	81	208	152	350	350
3418.jpg	239	36	284	81	350	262
3420.jpg	152	77	211	136	350	432
3424.jpg	34	23	71	60	100	131
3430.jpg	92	99	226	233	350	522
3432.jpg	129	64	229	164	350	280
5330.jpg	156	166	290	300	350	537
3436.jpg	113	113	229	229	350	525
3437.jpg	67	38	94	65	150	261
4979.jpg	123	99	207	183	350	534
3440.jpg	72	74	163	165	350	560
3444.jpg	112	153	255	296	350	484
3448.jpg	183	73	254	144	320	255
3452.jpg	61	133	204	276	350	489
3453.jpg	97	118	235	256	350	453
3454.jpg	135	127	195	187	350	555
3459.jpg	112	98	213	199	350	428
6144.jpg	147	135	269	257	350	548
3473.jpg	63	92	117	146	240	406
3484.jpg	124	50	186	112	350	262
3486.jpg	117	36	147	66	179	134
3488.jpg	157	139	328	310	344	400
3494.jpg	150	86	226	162	300	500
3495.jpg	112	84	281	253	350	488
3498.jpg	123	273	282	432	350	535
3499.jpg	230	173	270	213	350	367
3506.jpg	83	74	190	181	350	300
3512.jpg	204	189	280	265	350	433
3523.jpg	249	27	301	79	350	262
5742.jpg	168	72	253	157	350	555
3539.jpg	131	99	248	216	350	350
5935.jpg	122	95	243	216	350	481
3554.jpg	124	138	207	221	350	488
3555.jpg	169	175	324	330	350	537
3557.jpg	49	32	102	85	161	203
5326.jpg	145	62	225	142	350	575
3560.jpg	167	59	238	130	350	301
3561.jpg	83	99	243	259	350	525
3562.jpg	142	140	200	198	350	347
3569.jpg	119	94	208	183	350	466
3576.jpg	211	90	258	137	350	385
3578.jpg	152	55	211	114	350	487
3585.jpg	115	140	230	255	350	496
3590.jpg	81	15	108	42	186	140
3595.jpg	202	64	275	137	350	262
3601.jpg	141	167	309	335	333	444
4168.jpg	17	162	263	408	350	472
3616.jpg	139	70	183	114	350	524
3617.jpg	44	34	88	78	125	220
3619.jpg	17	61	304	348	350	526
3621.jpg	76	92	271	287	350	510
3623.jpg	39	42	74	77	150	196
3625.jpg	104	88	193	177	349	550
3627.jpg	155	69	242	156	350	435
3631.jpg	150	59	230	139	350	445
3633.jpg	41	112	123	194	300	420
3640.jpg	63	75	192	204	350	469
3646.jpg	110	60	182	132	350	476
3652.jpg	286	18	330	62	350	262
4714.jpg	115	83	191	159	350	525
3662.jpg	32	26	63	57	110	165
3668.jpg	94	105	225	236	300	429
3673.jpg	48	20	76	48	130	163
6301.jpg	95	112	256	273	350	470
3675.jpg	97	133	201	237	350	508
3681.jpg	72	26	138	92	200	186
3687.jpg	158	140	243	225	350	490
4999.jpg	161	106	199	144	350	427
3695.jpg	99	37	143	81	240	180
3698.jpg	122	95	264	237	339	425
3699.jpg	80	40	136	96	240	276
5721.jpg	147	102	212	167	350	376
3705.jpg	135	89	231	185	350	442
3707.jpg	28	21	86	79	259	194
3710.jpg	117	108	223	214	350	489
3719.jpg	64	188	226	350	350	482
3720.jpg	51	20	80	49	133	100
3722.jpg	114	111	235	232	350	535
3724.jpg	156	109	230	183	350	516
3725.jpg	99	98	177	176	350	250
4075.jpg	123	45	188	110	350	466
3734.jpg	26	20	194	188	270	202
3735.jpg	132	79	248	195	350	533
5590.jpg	104	82	167	145	350	268
3741.jpg	63	165	118	220	350	485
3742.jpg	80	131	218	269	350	525
3743.jpg	223	25	288	90	350	262
6387.jpg	23	200	96	273	350	558
3757.jpg	76	139	159	222	350	439
3761.jpg	154	97	222	165	350	601
3764.jpg	98	66	172	140	350	538
3769.jpg	127	97	201	171	350	578
5715.jpg	149	67	205	123	350	262
3774.jpg	80	32	185	137	350	218
3777.jpg	150	138	231	219	350	351
3779.jpg	179	97	262	180	350	436
3783.jpg	222	57	301	136	350	296
3787.jpg	109	17	139	47	160	120
3792.jpg	156	48	225	117	350	520
3806.jpg	153	85	236	168	350	724
6165.jpg	124	95	200	171	350	368
5310.jpg	114	101	238	225	350	515
3830.jpg	23	41	69	87	100	150
3833.jpg	83	112	254	283	350	388
3837.jpg	215	52	270	107	350	514
6070.jpg	128	172	231	275	350	564
3846.jpg	189	85	231	127	350	363
3850.jpg	122	150	194	222	350	532
3858.jpg	83	187	224	328	350	478
3862.jpg	80	55	195	170	350	262
3869.jpg	176	101	237	162	350	436
3878.jpg	156	92	219	155	350	489
3886.jpg	110	197	190	277	350	532
3890.jpg	175	75	237	137	329	397
3891.jpg	38	39	102	103	167	250
3893.jpg	52	39	95	82	350	311
3894.jpg	172	123	295	246	350	564
3896.jpg	95	118	229	252	350	437
3900.jpg	60	152	114	206	350	262
3920.jpg	0	0	350	350	350	519
3922.jpg	140	47	221	128	300	300
5386.jpg	103	79	183	159	350	525
3933.jpg	53	164	211	322	350	525
3938.jpg	1	126	52	177	350	422
3939.jpg	43	33	74	64	103	144
3945.jpg	264	62	324	122	350	262
3948.jpg	48	35	92	79	150	100
3953.jpg	37	46	90	99	137	200
3955.jpg	136	160	339	363	350	481
3957.jpg	144	38	176	70	250	433
3962.jpg	91	41	256	206	350	262
3965.jpg	48	28	75	55	107	144
3969.jpg	143	63	211	131	350	501
3970.jpg	155	38	191	74	350	411
3974.jpg	9	34	131	156	231	300
3992.jpg	115	126	204	215	350	534
3993.jpg	161	103	222	164	350	523
3999.jpg	81	120	217	256	350	350
4000.jpg	122	121	240	239	350	537
4002.jpg	51	29	106	84	150	113
4006.jpg	44	62	129	147	203	191
4009.jpg	151	76	244	169	350	451
4021.jpg	115	144	273	302	350	530
4027.jpg	131	139	289	297	350	500
4028.jpg	70	80	142	152	237	320
4029.jpg	102	132	183	213	350	533
4030.jpg	92	133	199	240	306	400
4031.jpg	165	86	224	145	350	524
4035.jpg	122	85	235	198	292	280
5966.jpg	104	81	221	198	277	350
4045.jpg	88	138	266	316	350	426
4049.jpg	170	75	241	146	350	427
4053.jpg	128	55	181	108	350	528
4061.jpg	97	94	203	200	350	479
4064.jpg	120	46	154	80	225	150
4072.jpg	38	36	79	77	350	240
4076.jpg	25	56	142	173	350	262
4080.jpg	105	154	271	320	350	545
4083.jpg	212	53	281	122	350	494
4087.jpg	118	132	264	278	350	525
4091.jpg	146	82	202	138	350	420
4096.jpg	112	129	287	304	350	437
4099.jpg	34	81	151	198	185	239
4106.jpg	4	30	49	75	180	149
4107.jpg	116	99	179	162	350	525
4109.jpg	94	32	121	59	152	160
4111.jpg	114	69	269	224	350	284
4115.jpg	102	41	134	73	160	120
4122.jpg	66	48	120	102	270	180
5788.jpg	75	90	193	208	350	649
4124.jpg	127	108	189	170	350	553
4126.jpg	230	58	271	99	350	262
4133.jpg	39	16	87	64	140	170
4142.jpg	109	63	150	104	350	320
4143.jpg	108	124	224	240	350	528
4146.jpg	104	93	208	197	350	215
4149.jpg	147	77	218	148	350	481
4193.jpg	148	134	191	177	350	262
4155.jpg	102	26	163	87	320	240
4170.jpg	130	156	230	256	350	431
4172.jpg	78	33	112	67	218	250
4175.jpg	180	56	220	96	350	232
4176.jpg	31	40	59	68	109	164
4177.jpg	98	50	136	88	200	150
4183.jpg	78	25	109	56	133	100
4187.jpg	118	141	198	221	350	525
4190.jpg	186	38	245	97	350	291
4191.jpg	109	114	238	243	350	512
4196.jpg	36	29	65	58	160	113
4199.jpg	161	90	206	135	350	434
4212.jpg	185	49	230	94	309	400
4213.jpg	46	37	76	67	103	150
4215.jpg	111	71	225	185	350	235
4221.jpg	211	49	272	110	350	295
4233.jpg	193	57	272	136	350	471
5896.jpg	58	120	189	251	350	537
4236.jpg	77	95	190	208	300	360
4584.jpg	204	44	255	95	350	262
4243.jpg	149	89	233	173	350	552
4244.jpg	60	38	92	70	150	150
4246.jpg	138	84	206	152	350	425
4248.jpg	132	102	269	239	350	496
4255.jpg	58	44	88	74	150	111
4257.jpg	138	52	188	102	350	219
4261.jpg	25	20	72	67	350	252
4266.jpg	112	100	189	177	350	444
4270.jpg	135	52	191	108	350	223
4275.jpg	79	22	266	209	350	262
4276.jpg	55	56	119	120	190	254
4281.jpg	116	112	242	238	330	485
4285.jpg	65	29	105	69	203	300
4288.jpg	29	2	58	31	139	100
4291.jpg	99	28	146	75	177	150
5650.jpg	152	72	231	151	350	444
4295.jpg	192	82	257	147	350	457
4297.jpg	77	95	234	252	287	380
4299.jpg	25	115	213	303	300	428
4300.jpg	172	88	226	142	350	232
4310.jpg	50	89	104	143	350	262
4318.jpg	143	81	197	135	350	442
4321.jpg	75	24	106	55	200	200
4329.jpg	209	63	301	155	350	262
4330.jpg	150	41	217	108	350	483
4334.jpg	28	36	74	82	135	180
4353.jpg	88	44	121	77	234	300
4354.jpg	247	65	273	91	350	184
4360.jpg	123	102	237	216	350	397
4367.jpg	59	9	87	37	100	100
4368.jpg	136	112	206	182	350	350
4373.jpg	82	107	258	283	350	505
4375.jpg	57	37	119	99	191	250
4377.jpg	197	63	259	125	350	236
4386.jpg	116	134	270	288	348	450
4396.jpg	8	78	62	132	320	240
4404.jpg	153	47	216	110	350	520
4407.jpg	224	20	329	125	350	261
4801.jpg	75	49	173	147	350	486
4410.jpg	105	105	186	186	350	478
4412.jpg	160	52	211	103	350	262
4416.jpg	90	197	316	423	350	535
6131.jpg	253	37	304	88	350	235
4421.jpg	24	154	194	324	350	518
4433.jpg	147	60	234	147	300	375
4434.jpg	50	33	79	62	118	153
4443.jpg	112	70	203	161	326	400
4445.jpg	98	125	200	227	350	519
4448.jpg	42	46	84	88	109	164
4451.jpg	198	57	257	116	350	525
4454.jpg	100	47	271	218	350	260
4749.jpg	68	117	197	246	350	410
4493.jpg	66	107	165	206	350	440
4466.jpg	135	72	204	141	350	569
4469.jpg	0	84	152	236	350	262
4476.jpg	50	123	304	377	350	498
4477.jpg	84	27	129	72	160	120
4491.jpg	29	45	82	98	111	170
4496.jpg	50	18	86	54	130	130
4497.jpg	110	112	212	214	350	550
4934.jpg	105	79	248	222	350	340
4500.jpg	136	25	192	81	350	456
4501.jpg	53	44	112	103	160	216
4503.jpg	143	91	178	126	350	526
4504.jpg	149	59	199	109	350	262
4511.jpg	75	37	105	67	200	130
6279.jpg	145	104	225	184	350	432
4528.jpg	124	259	293	428	350	558
4529.jpg	147	84	199	136	350	420
4533.jpg	143	58	205	120	350	527
4536.jpg	54	25	105	76	150	115
4537.jpg	43	33	72	62	110	159
4539.jpg	94	86	245	237	350	262
4550.jpg	63	23	121	81	160	120
4559.jpg	65	110	202	247	350	557
4561.jpg	112	84	210	182	350	605
4574.jpg	32	29	89	86	119	119
4575.jpg	49	34	88	73	114	160
4576.jpg	122	30	151	59	165	123
4585.jpg	117	79	237	199	350	331
5376.jpg	150	109	240	199	350	526
5339.jpg	138	90	242	194	350	350
4641.jpg	107	71	210	174	350	448
4594.jpg	161	32	197	68	350	262
4596.jpg	45	83	75	113	130	188
4601.jpg	67	51	115	99	191	330
5096.jpg	158	100	220	162	350	427
4610.jpg	124	81	197	154	350	559
4613.jpg	99	24	136	61	150	150
4617.jpg	64	114	298	348	350	523
4619.jpg	185	165	257	237	350	525
6041.jpg	98	36	192	130	350	382
4629.jpg	60	44	260	244	350	266
4813.jpg	169	36	210	77	350	460
4649.jpg	149	183	326	360	350	425
4650.jpg	45	43	80	78	129	160
4655.jpg	119	136	197	214	350	573
4659.jpg	66	86	187	207	300	450
4661.jpg	233	70	279	116	350	259
4663.jpg	109	142	238	271	350	519
4666.jpg	102	168	211	277	350	500
4676.jpg	134	90	243	199	350	539
4680.jpg	35	27	68	60	100	150
4684.jpg	111	134	274	297	350	486
6340.jpg	188	61	289	162	350	463
4693.jpg	37	33	70	66	111	150
4697.jpg	97	51	146	100	254	400
4703.jpg	124	94	195	165	350	262
5459.jpg	91	163	258	330	350	498
4713.jpg	121	142	253	274	290	426
4715.jpg	42	25	71	54	130	203
4724.jpg	40	35	70	65	109	164
4725.jpg	94	159	283	348	350	485
5158.jpg	160	97	340	277	350	560
4732.jpg	188	68	235	115	350	598
4737.jpg	243	44	310	111	350	262
4742.jpg	160	130	286	256	350	492
4744.jpg	78	34	102	58	125	170
4747.jpg	51	110	215	274	301	400
5530.jpg	76	95	215	234	313	400
4760.jpg	220	70	289	139	350	470
4770.jpg	252	34	311	93	350	421
4775.jpg	17	122	216	321	300	377
4780.jpg	150	36	190	76	350	359
4782.jpg	133	87	241	195	285	400
4784.jpg	33	46	87	100	113	170
4788.jpg	118	159	240	281	260	361
4792.jpg	90	87	188	185	266	400
4795.jpg	94	155	228	289	350	524
4796.jpg	52	133	183	264	350	487
5807.jpg	143	46	225	128	350	431
4807.jpg	204	121	268	185	350	508
4810.jpg	120	32	173	85	350	262
4833.jpg	35	46	80	91	100	100
6333.jpg	216	75	307	166	350	262
6228.jpg	123	59	213	149	350	260
4850.jpg	98	36	148	86	200	435
4855.jpg	62	81	113	132	166	249
4866.jpg	12	42	62	92	100	150
4871.jpg	134	90	284	240	350	494
4877.jpg	87	44	120	77	150	150
4883.jpg	93	43	163	113	350	490
5492.jpg	137	55	203	121	350	457
4898.jpg	79	23	109	53	150	112
4908.jpg	113	41	152	80	250	333
4910.jpg	95	111	220	236	350	509
4923.jpg	163	44	213	94	350	229
4926.jpg	84	58	161	135	331	398
4930.jpg	13	73	297	357	300	400
4931.jpg	91	36	127	72	180	135
4936.jpg	72	56	170	154	350	550
4940.jpg	148	81	235	168	350	449
4943.jpg	65	103	135	173	350	449
4946.jpg	68	29	292	253	350	452
4949.jpg	121	47	181	107	350	262
4952.jpg	230	83	288	141	350	273
4953.jpg	116	78	200	162	350	525
4957.jpg	83	143	246	306	350	447
4959.jpg	37	39	69	71	108	167
4964.jpg	98	114	256	272	350	434
4969.jpg	129	157	251	279	350	520
4970.jpg	118	49	169	100	278	384
4972.jpg	166	96	209	139	350	436
4983.jpg	155	83	217	145	350	473
5965.jpg	108	74	217	183	350	553
5726.jpg	147	95	232	180	350	434
5001.jpg	64	144	267	347	350	523
5007.jpg	59	47	109	97	153	200
5011.jpg	36	161	266	391	350	533
5016.jpg	113	101	211	199	305	400
5023.jpg	164	84	203	123	350	536
5025.jpg	26	49	57	80	190	143
5028.jpg	66	17	107	58	121	160
5045.jpg	99	99	221	221	350	457
5050.jpg	49	45	104	100	150	150
5051.jpg	46	40	85	79	100	128
5057.jpg	47	7	75	35	120	120
5890.jpg	80	118	173	211	333	500
5062.jpg	162	59	226	123	350	489
5068.jpg	115	104	180	169	350	458
5069.jpg	180	82	241	143	350	449
5070.jpg	141	73	200	132	310	467
5071.jpg	135	60	196	121	350	262
5073.jpg	173	168	222	217	350	487
5080.jpg	162	77	280	195	350	430
5085.jpg	150	102	232	184	350	525
5086.jpg	134	111	236	213	350	525
5089.jpg	70	41	258	229	320	280
6247.jpg	124	102	223	201	350	432
5110.jpg	7	15	295	303	305	450
5123.jpg	165	70	228	133	350	573
5131.jpg	93	15	135	57	350	306
5132.jpg	198	114	260	176	350	525
5141.jpg	33	33	66	66	117	160
5146.jpg	123	105	220	202	350	627
5154.jpg	96	88	256	248	350	437
5159.jpg	75	108	188	221	350	432
5163.jpg	120	70	155	105	350	262
5166.jpg	60	36	133	109	350	218
5170.jpg	83	0	257	174	350	196
5172.jpg	193	82	228	117	350	341
5174.jpg	70	43	131	104	350	431
5177.jpg	33	35	76	78	128	128
5188.jpg	81	61	171	151	350	233
5198.jpg	32	29	71	68	150	112
5209.jpg	105	11	141	47	160	120
5210.jpg	143	153	301	311	350	515
5212.jpg	86	130	202	246	350	413
5213.jpg	157	67	230	140	350	491
5214.jpg	174	86	251	163	350	462
5215.jpg	226	59	298	131	350	322
5217.jpg	121	132	262	273	350	543
5229.jpg	155	135	262	242	350	430
5234.jpg	111	126	207	222	350	534
5235.jpg	68	72	118	122	223	310
5239.jpg	149	97	266	214	350	510
5243.jpg	145	44	202	101	225	168
5250.jpg	57	23	86	52	136	160
5258.jpg	9	7	98	96	100	100
5259.jpg	131	94	190	153	350	413
5263.jpg	113	90	230	207	350	474
5266.jpg	167	123	231	187	350	443
5267.jpg	20	38	96	114	120	150
5275.jpg	103	131	278	306	350	525
5276.jpg	84	135	202	253	320	480
5279.jpg	107	57	149	99	150	150
5280.jpg	117	138	154	175	350	308
5295.jpg	20	48	48	76	160	120
5298.jpg	97	107	243	253	350	491
5302.jpg	67	82	141	156	299	507
5308.jpg	66	146	207	287	350	560
5315.jpg	54	18	97	61	157	160
5324.jpg	135	90	253	208	350	245
5334.jpg	128	77	201	150	350	622
5338.jpg	142	129	281	268	350	520
5341.jpg	71	160	168	257	287	400
5345.jpg	55	28	302	275	350	478
5352.jpg	81	15	109	43	160	120
5356.jpg	228	153	272	197	350	259
5367.jpg	57	31	127	101	350	345
5563.jpg	133	65	199	131	350	481
5392.jpg	128	108	288	268	350	531
5647.jpg	231	38	272	79	350	262
5400.jpg	180	108	336	264	350	324
5402.jpg	29	38	79	88	120	180
5403.jpg	177	91	291	205	350	437
5405.jpg	104	77	165	138	261	391
5408.jpg	17	113	157	253	350	262
5412.jpg	49	61	124	136	180	240
5422.jpg	46	42	97	93	114	170
5425.jpg	42	33	75	66	129	201
5433.jpg	134	72	198	136	350	511
5435.jpg	6	53	79	126	125	159
5445.jpg	56	0	107	51	350	262
5458.jpg	25	27	64	66	120	160
5460.jpg	232	190	301	259	350	505
5466.jpg	56	21	86	51	147	200
5467.jpg	81	45	121	85	166	249
5469.jpg	27	200	297	470	350	537
5471.jpg	90	108	180	198	245	331
5475.jpg	163	100	237	174	350	350
5479.jpg	75	62	143	130	200	200
5505.jpg	122	86	195	159	350	530
5509.jpg	82	135	231	284	350	525
5513.jpg	39	29	71	61	120	160
5524.jpg	181	96	257	172	350	497
5531.jpg	217	47	263	93	350	262
5532.jpg	117	166	208	257	350	488
5533.jpg	202	72	265	135	350	292
5534.jpg	91	91	145	145	220	330
5535.jpg	147	80	192	125	350	230
5552.jpg	136	180	221	265	350	533
5553.jpg	164	314	236	386	350	546
5554.jpg	59	38	110	89	200	200
5558.jpg	48	64	116	132	350	480
5565.jpg	118	83	209	174	350	284
5568.jpg	172	69	233	130	350	460
5570.jpg	67	17	95	45	108	100
5580.jpg	170	59	222	111	338	442
5581.jpg	81	92	161	172	250	377
5583.jpg	116	55	153	92	350	283
5587.jpg	129	108	264	243	350	535
5589.jpg	91	107	186	202	250	290
5592.jpg	26	15	94	83	125	125
5594.jpg	140	86	218	164	350	537
5598.jpg	99	93	172	166	350	493
5601.jpg	111	111	231	231	272	398
5604.jpg	112	241	325	454	350	542
5605.jpg	128	105	245	222	350	465
5608.jpg	10	205	229	424	350	489
5622.jpg	42	30	87	75	150	150
5625.jpg	123	75	215	167	300	400
5626.jpg	5	50	65	110	150	200
5629.jpg	10	67	144	201	350	262
5631.jpg	203	26	240	63	350	120
5634.jpg	180	87	285	192	350	233
5638.jpg	33	56	68	91	350	225
5646.jpg	92	107	269	284	350	537
5651.jpg	42	29	71	58	125	100
5653.jpg	125	50	200	125	350	262
5655.jpg	122	91	255	224	350	456
5657.jpg	140	53	167	80	180	180
5659.jpg	59	89	167	197	350	244
5662.jpg	276	68	324	116	350	247
5673.jpg	28	45	81	98	104	142
6208.jpg	128	136	212	220	350	435
5676.jpg	80	111	194	225	350	492
5678.jpg	132	79	204	151	350	512
5684.jpg	60	142	201	283	350	551
5686.jpg	108	121	281	294	350	524
5687.jpg	102	97	233	228	350	337
5688.jpg	121	88	186	153	288	400
5689.jpg	122	57	261	196	350	466
5693.jpg	122	91	222	191	350	491
5701.jpg	55	20	84	49	119	150
5702.jpg	119	115	232	228	350	474
5704.jpg	126	121	221	216	350	523
5707.jpg	89	8	114	33	175	131
5718.jpg	76	174	219	317	350	533
5731.jpg	37	52	106	121	210	170
5744.jpg	32	132	215	315	350	500
5753.jpg	129	97	218	186	350	563
5756.jpg	63	136	237	310	350	490
5761.jpg	58	60	102	104	150	150
5770.jpg	29	21	57	49	150	150
5774.jpg	136	63	201	128	350	231
5787.jpg	140	55	198	113	300	400
5790.jpg	104	58	138	92	350	232
5794.jpg	72	91	131	150	350	262
5797.jpg	263	27	297	61	350	262
5799.jpg	64	26	95	57	130	230
5802.jpg	71	63	124	116	331	400
5804.jpg	60	38	92	70	120	161
5809.jpg	90	79	205	194	350	466
5812.jpg	35	56	105	126	150	150
5816.jpg	51	19	80	48	150	150
6540.jpg	134	122	275	263	350	525
5837.jpg	32	29	61	58	100	150
5838.jpg	81	101	202	222	349	500
5841.jpg	51	72	116	137	175	192
5844.jpg	50	8	110	68	169	100
5846.jpg	56	17	96	57	119	119
5847.jpg	149	62	214	127	350	408
5849.jpg	50	54	98	102	150	113
5850.jpg	37	23	65	51	110	140
5851.jpg	143	33	203	93	350	490
6100.jpg	123	60	203	140	350	466
5863.jpg	47	40	109	102	150	120
5865.jpg	154	35	201	82	350	262
5870.jpg	104	60	177	133	350	425
5880.jpg	80	72	184	176	215	290
5889.jpg	103	13	128	38	170	128
5894.jpg	153	72	219	138	350	504
5898.jpg	255	74	286	105	350	316
5915.jpg	109	77	196	164	350	510
5916.jpg	47	45	86	84	180	223
5921.jpg	88	75	119	106	350	485
5922.jpg	36	21	62	47	104	130
5927.jpg	187	74	242	129	300	355
5928.jpg	115	115	178	178	350	524
5931.jpg	102	73	225	196	350	525
5936.jpg	64	32	103	71	350	294
5943.jpg	131	64	220	153	350	413
5947.jpg	57	21	93	57	130	128
5951.jpg	99	98	175	174	220	305
5956.jpg	95	145	221	271	350	530
5957.jpg	28	41	76	89	112	152
5960.jpg	106	111	180	185	350	534
5967.jpg	42	240	105	303	350	468
5976.jpg	96	95	132	131	350	429
5977.jpg	238	222	265	249	350	546
5982.jpg	163	112	253	202	350	571
5986.jpg	124	74	320	270	350	427
5990.jpg	55	72	119	136	200	265
5992.jpg	76	60	181	165	350	262
6002.jpg	49	29	102	82	125	100
6009.jpg	46	66	76	96	135	193
6014.jpg	73	51	170	148	250	350
6024.jpg	116	73	194	151	350	574
6027.jpg	251	31	291	71	350	262
6035.jpg	62	90	218	246	350	289
6038.jpg	78	97	144	163	350	417
6043.jpg	152	111	197	156	350	525
6053.jpg	131	106	248	223	350	262
6058.jpg	123	72	209	158	350	234
6067.jpg	142	44	187	89	350	548
6071.jpg	86	107	132	153	350	524
6076.jpg	128	118	288	278	350	437
6078.jpg	62	28	94	60	141	100
6081.jpg	112	113	214	215	350	542
6086.jpg	115	85	179	149	350	513
6095.jpg	191	45	222	76	250	167
6096.jpg	33	21	69	57	120	150
6098.jpg	79	111	197	229	350	527
6103.jpg	157	199	222	264	350	442
6115.jpg	193	121	252	180	350	500
6117.jpg	65	26	91	52	150	150
6122.jpg	144	63	217	136	300	260
6124.jpg	81	89	144	152	350	369
6128.jpg	63	154	205	296	350	520
6133.jpg	55	53	97	95	225	150
6137.jpg	169	55	246	132	350	237
6142.jpg	152	74	232	154	350	233
6148.jpg	37	89	136	188	175	244
6149.jpg	59	185	317	443	350	535
6150.jpg	103	108	198	203	299	450
6159.jpg	38	35	70	67	106	165
6161.jpg	126	18	153	45	186	140
6164.jpg	223	49	335	161	350	262
6170.jpg	108	119	201	212	295	338
6171.jpg	165	136	278	249	350	500
6174.jpg	64	11	97	44	200	178
6177.jpg	20	38	80	98	100	150
6182.jpg	91	37	136	82	350	264
6183.jpg	302	220	333	251	350	466
6186.jpg	81	26	125	70	171	240
6189.jpg	136	87	226	177	350	262
6198.jpg	145	53	214	122	350	216
6202.jpg	42	17	71	46	140	115
6207.jpg	161	45	237	121	350	209
6213.jpg	137	70	207	140	350	328
6223.jpg	60	61	122	123	241	400
6224.jpg	178	126	260	208	350	557
6225.jpg	134	67	193	126	315	400
6231.jpg	91	110	177	196	300	455
6253.jpg	44	22	73	51	114	170
6262.jpg	130	82	217	169	350	558
6263.jpg	65	37	112	84	240	320
6266.jpg	18	49	173	204	350	423
6267.jpg	106	75	196	165	350	350
6272.jpg	156	268	234	346	350	496
6282.jpg	115	85	240	210	350	543
6285.jpg	178	35	252	109	350	262
6291.jpg	20	29	50	59	240	170
6292.jpg	119	100	238	219	350	425
6302.jpg	42	34	92	84	150	150
6305.jpg	53	301	115	363	350	474
6308.jpg	125	122	239	236	350	526
6315.jpg	164	46	216	98	350	262
6322.jpg	143	85	227	169	340	508
6335.jpg	169	72	251	154	350	381
6347.jpg	154	44	205	95	339	425
6349.jpg	146	70	193	117	350	437
6350.jpg	59	87	105	133	350	289
6351.jpg	40	20	70	50	100	159
6369.jpg	84	60	157	133	350	262
6384.jpg	65	154	260	349	350	488
6390.jpg	49	44	94	89	106	150
6392.jpg	236	39	290	93	350	296
6394.jpg	178	161	250	233	350	525
6396.jpg	86	26	259	199	320	240
6400.jpg	24	59	57	92	110	166
6401.jpg	91	99	219	227	350	535
6402.jpg	101	169	331	399	350	543
6404.jpg	53	26	112	85	190	250
6406.jpg	28	73	206	251	350	322
6408.jpg	35	71	114	150	350	581
6419.jpg	58	37	92	71	112	170
6424.jpg	141	56	209	124	350	474
6428.jpg	69	44	98	73	170	112
6439.jpg	93	73	145	125	350	243
6440.jpg	115	87	220	192	350	280
6449.jpg	71	110	149	188	350	320
6460.jpg	63	120	205	262	350	434
6461.jpg	82	41	161	120	350	530
6467.jpg	118	87	233	202	350	466
6469.jpg	109	104	172	167	350	525
6471.jpg	72	122	187	237	300	433
6472.jpg	122	98	203	179	350	685
6485.jpg	184	75	295	186	350	243
6493.jpg	169	71	267	169	350	492
6496.jpg	44	36	93	85	150	113
6498.jpg	161	67	234	140	285	416
6505.jpg	40	84	116	160	350	262
6507.jpg	96	101	188	193	350	495
6515.jpg	119	63	282	226	350	280
6517.jpg	33	27	73	67	100	100
6519.jpg	176	80	236	140	300	207
6524.jpg	46	17	73	44	141	160
6525.jpg	44	50	140	146	150	180
6526.jpg	106	34	153	81	350	262
6535.jpg	61	88	137	164	249	335
6536.jpg	28	22	61	55	100	160
6539.jpg	15	34	46	65	100	150
