0.jpg	62	33	106	77	300	200
1.jpg	33	62	103	132	133	190
143.jpg	126	82	225	181	350	339
3.jpg	91	21	120	50	200	133
173.jpg	89	119	208	238	350	454
175.jpg	155	76	333	254	350	525
35.jpg	97	46	135	84	200	258
7.jpg	34	49	98	113	130	171
8.jpg	173	124	255	206	350	522
54.jpg	88	189	213	314	350	481
10.jpg	19	43	67	91	100	136
99.jpg	69	225	206	362	350	558
12.jpg	70	79	126	135	250	180
13.jpg	157	56	212	111	350	230
14.jpg	99	97	211	209	350	350
15.jpg	30	71	113	154	147	196
16.jpg	19	32	75	88	100	100
38.jpg	66	36	116	86	235	350
125.jpg	138	79	209	150	324	242
21.jpg	169	38	202	71	350	259
24.jpg	13	51	70	108	100	131
25.jpg	116	39	159	82	243	272
26.jpg	47	65	141	159	175	175
27.jpg	54	37	82	65	100	162
29.jpg	23	60	112	149	149	198
30.jpg	34	134	233	333	350	445
39.jpg	119	91	208	180	318	402
34.jpg	122	78	230	186	350	457
33.jpg	92	129	247	284	350	370
37.jpg	151	89	223	161	350	547
40.jpg	23	61	62	100	140	209
41.jpg	52	36	90	74	247	218
42.jpg	49	32	88	71	135	185
61.jpg	215	52	266	103	350	243
44.jpg	149	68	217	136	350	494
109.jpg	112	123	328	339	350	465
66.jpg	27	116	182	271	234	365
47.jpg	113	56	165	108	350	244
49.jpg	32	55	73	96	118	159
52.jpg	178	64	229	115	350	301
55.jpg	101	77	198	174	290	454
56.jpg	26	61	67	102	150	211
57.jpg	79	129	222	272	306	432
58.jpg	207	88	307	188	350	247
59.jpg	73	41	105	73	190	127
60.jpg	171	57	213	99	350	235
62.jpg	91	29	136	74	298	211
86.jpg	123	66	203	146	331	398
67.jpg	29	37	79	87	100	100
68.jpg	67	133	310	376	350	525
70.jpg	61	21	88	48	170	124
71.jpg	113	117	242	246	350	524
72.jpg	139	60	218	139	350	233
75.jpg	53	80	138	165	200	197
80.jpg	63	70	156	163	230	237
169.jpg	81	93	152	164	200	300
82.jpg	27	53	84	110	120	160
83.jpg	149	32	193	76	350	233
84.jpg	65	129	195	259	295	400
87.jpg	64	14	90	40	111	111
88.jpg	81	124	277	320	350	427
92.jpg	148	47	195	94	274	350
94.jpg	134	53	192	111	350	230
95.jpg	116	30	155	69	200	200
96.jpg	54	43	84	73	229	174
97.jpg	102	74	178	150	267	363
100.jpg	146	61	209	124	270	216
101.jpg	44	26	78	60	120	120
102.jpg	67	113	209	255	250	375
105.jpg	43	35	106	98	156	160
106.jpg	52	136	138	222	184	270
108.jpg	35	32	94	91	188	200
110.jpg	178	26	234	82	320	202
111.jpg	60	95	135	170	200	215
112.jpg	97	55	169	127	255	323
113.jpg	135	36	175	76	250	172
115.jpg	183	84	268	169	350	466
116.jpg	39	71	126	158	150	260
117.jpg	169	95	228	154	267	400
120.jpg	111	50	193	132	300	180
121.jpg	38	33	104	99	150	150
122.jpg	46	54	115	123	175	252
123.jpg	28	49	109	130	150	200
124.jpg	60	37	117	94	175	164
126.jpg	76	62	135	121	222	350
127.jpg	49	40	115	106	162	200
128.jpg	76	30	268	222	350	301
129.jpg	47	24	75	52	160	120
132.jpg	71	78	148	155	224	280
133.jpg	147	71	204	128	350	433
136.jpg	65	131	234	300	350	429
139.jpg	162	73	239	150	350	436
141.jpg	166	111	224	169	350	275
144.jpg	31	18	60	47	103	128
145.jpg	136	57	220	141	350	480
146.jpg	81	133	243	295	350	506
147.jpg	176	102	260	186	350	362
150.jpg	112	108	151	147	350	350
152.jpg	122	68	174	120	300	288
153.jpg	140	159	243	262	350	518
154.jpg	60	164	159	263	214	300
155.jpg	32	63	109	140	166	200
156.jpg	226	99	259	132	280	280
158.jpg	120	61	173	114	320	287
159.jpg	96	41	156	101	225	280
164.jpg	236	58	289	111	350	230
170.jpg	114	144	259	289	300	440
172.jpg	105	87	164	146	350	465
177.jpg	38	68	107	137	150	150
