142.jpg	139	76	216	153	344	344
1.jpg	86	78	140	132	200	210
2.jpg	124	46	178	100	350	296
3.jpg	144	81	257	194	338	425
4.jpg	159	72	197	110	350	179
5.jpg	13	33	113	133	160	160
6.jpg	82	59	159	136	246	185
7.jpg	116	78	204	166	285	285
226.jpg	145	72	211	138	266	235
284.jpg	79	152	239	312	350	478
10.jpg	33	51	88	106	150	180
239.jpg	155	45	222	112	320	320
296.jpg	35	48	168	181	285	214
19.jpg	112	137	206	231	320	320
240.jpg	101	94	195	188	344	280
53.jpg	96	62	219	185	300	350
405.jpg	114	64	179	129	350	434
160.jpg	40	28	198	186	289	300
286.jpg	107	49	232	174	350	502
105.jpg	76	63	153	140	250	276
22.jpg	150	52	189	91	350	274
23.jpg	25	43	102	120	150	169
387.jpg	87	101	228	242	320	320
26.jpg	120	38	170	88	310	232
27.jpg	53	104	80	131	200	200
28.jpg	129	108	162	141	200	376
29.jpg	95	49	136	90	200	204
312.jpg	139	46	210	117	350	350
31.jpg	31	41	140	150	178	180
32.jpg	141	59	213	131	283	364
58.jpg	20	40	84	104	110	115
35.jpg	107	29	270	192	350	262
36.jpg	54	78	134	158	200	225
37.jpg	124	62	186	124	240	419
83.jpg	100	36	156	92	300	240
40.jpg	160	44	215	99	350	273
41.jpg	7	21	57	71	130	130
42.jpg	81	24	193	136	250	167
101.jpg	128	56	240	168	350	219
44.jpg	142	46	184	88	283	325
45.jpg	102	41	172	111	300	225
224.jpg	53	84	171	202	250	250
47.jpg	44	38	73	67	103	131
48.jpg	147	73	214	140	350	262
98.jpg	72	44	119	91	206	124
51.jpg	114	137	245	268	336	442
54.jpg	202	27	236	61	300	184
143.jpg	27	47	71	91	150	188
59.jpg	71	92	159	180	300	454
60.jpg	181	61	242	122	350	611
62.jpg	53	69	131	147	180	220
410.jpg	35	36	250	251	265	308
64.jpg	17	114	45	142	200	197
67.jpg	149	84	187	122	346	321
68.jpg	86	146	238	298	350	453
260.jpg	90	38	119	67	200	249
70.jpg	36	40	139	143	160	160
274.jpg	65	21	173	129	244	348
74.jpg	75	28	102	55	200	150
75.jpg	58	126	330	398	350	446
76.jpg	89	63	133	107	230	306
77.jpg	71	49	142	120	203	152
357.jpg	147	63	240	156	350	350
80.jpg	113	24	138	49	218	153
245.jpg	58	67	211	220	310	248
89.jpg	68	88	223	243	320	320
90.jpg	30	21	74	65	166	101
91.jpg	123	103	166	146	249	363
93.jpg	74	82	153	161	256	256
94.jpg	47	24	75	52	122	170
95.jpg	84	33	142	91	280	300
96.jpg	140	78	211	149	300	390
97.jpg	49	61	122	134	200	225
99.jpg	175	57	241	123	320	275
100.jpg	97	56	162	121	250	167
102.jpg	59	43	130	114	170	160
103.jpg	35	24	73	62	115	115
104.jpg	120	60	236	176	350	262
337.jpg	81	64	133	116	191	260
107.jpg	31	75	127	171	190	210
109.jpg	61	165	207	311	245	367
110.jpg	144	105	242	203	350	533
112.jpg	90	49	119	78	200	120
114.jpg	68	76	103	111	203	152
115.jpg	104	29	140	65	220	232
117.jpg	76	72	189	185	250	258
118.jpg	144	48	204	108	300	200
120.jpg	91	26	137	72	231	231
121.jpg	43	26	76	59	100	113
123.jpg	60	47	85	72	150	200
124.jpg	92	56	156	120	250	167
125.jpg	131	38	186	93	327	332
126.jpg	97	30	133	66	180	135
190.jpg	72	112	174	214	245	345
129.jpg	187	21	230	64	350	245
130.jpg	142	25	172	55	350	193
131.jpg	18	117	226	325	321	400
132.jpg	157	36	194	73	330	250
133.jpg	57	112	223	278	342	512
136.jpg	35	33	98	96	153	250
137.jpg	79	153	242	316	350	437
145.jpg	27	67	200	240	226	282
140.jpg	146	44	203	101	350	460
141.jpg	97	61	169	133	320	240
147.jpg	119	66	223	170	346	283
148.jpg	93	44	132	83	203	200
149.jpg	136	71	228	163	350	348
152.jpg	83	39	122	78	175	169
155.jpg	7	87	31	111	150	150
159.jpg	141	40	195	94	226	170
162.jpg	38	156	72	190	212	300
163.jpg	169	68	203	102	320	320
165.jpg	195	97	228	130	350	350
251.jpg	84	24	114	54	200	157
169.jpg	64	17	94	47	120	103
170.jpg	97	68	153	124	240	337
174.jpg	58	27	88	57	300	180
177.jpg	77	55	165	143	246	185
180.jpg	70	268	275	473	314	529
185.jpg	45	34	77	66	150	150
191.jpg	66	69	154	157	230	230
192.jpg	127	69	162	104	250	248
193.jpg	167	125	209	167	350	495
196.jpg	164	26	214	76	350	228
197.jpg	10	81	114	185	165	245
199.jpg	49	42	80	73	114	150
200.jpg	115	60	195	140	300	300
201.jpg	31	51	81	101	120	135
202.jpg	50	77	139	166	210	300
203.jpg	165	77	245	157	350	327
205.jpg	86	61	118	93	200	297
206.jpg	49	55	169	175	200	200
207.jpg	142	20	191	69	320	275
210.jpg	59	44	97	82	164	220
211.jpg	135	34	194	93	317	328
214.jpg	178	74	223	119	350	304
216.jpg	68	77	256	265	301	300
218.jpg	77	107	180	210	350	324
219.jpg	95	76	185	166	252	319
220.jpg	47	16	111	80	150	133
221.jpg	75	13	120	58	190	276
223.jpg	24	104	52	132	142	200
336.jpg	32	19	130	117	159	160
227.jpg	44	76	159	191	205	300
229.jpg	165	111	211	157	300	225
230.jpg	54	37	82	65	133	160
232.jpg	88	50	190	152	250	167
233.jpg	144	41	191	88	350	246
235.jpg	66	22	205	161	280	385
236.jpg	193	89	245	141	350	262
237.jpg	54	56	131	133	200	259
243.jpg	115	63	234	182	350	260
244.jpg	105	201	230	326	350	349
246.jpg	12	24	56	68	130	130
247.jpg	65	54	96	85	160	240
248.jpg	74	131	239	296	350	379
249.jpg	152	54	231	133	350	245
250.jpg	64	26	92	54	132	170
253.jpg	53	83	141	171	234	280
256.jpg	9	37	68	96	131	135
257.jpg	16	39	77	100	120	165
258.jpg	132	95	163	126	216	279
259.jpg	28	57	109	138	150	180
261.jpg	90	49	150	109	200	225
262.jpg	73	36	109	72	200	217
263.jpg	117	24	151	58	203	152
269.jpg	23	40	69	86	110	110
270.jpg	86	59	117	90	200	197
271.jpg	107	65	167	125	350	241
272.jpg	20	151	156	287	268	400
275.jpg	87	45	166	124	300	180
277.jpg	76	22	109	55	191	200
280.jpg	41	63	114	136	150	150
283.jpg	106	16	134	44	200	130
285.jpg	99	57	134	92	240	240
289.jpg	39	36	81	78	125	124
290.jpg	12	138	333	459	350	506
291.jpg	162	46	198	82	322	273
293.jpg	41	65	97	121	150	179
294.jpg	43	97	143	197	248	274
297.jpg	33	127	215	309	272	411
299.jpg	28	36	94	102	179	132
301.jpg	74	59	102	87	224	201
304.jpg	70	76	130	136	180	270
305.jpg	54	26	81	53	130	113
308.jpg	236	110	264	138	299	400
309.jpg	36	198	79	241	350	350
310.jpg	26	54	104	132	125	154
313.jpg	19	108	208	297	258	336
315.jpg	161	103	203	145	350	233
316.jpg	145	69	236	160	300	360
317.jpg	95	99	122	126	150	150
321.jpg	126	92	180	146	314	369
323.jpg	33	67	128	162	192	225
324.jpg	76	110	208	242	280	390
327.jpg	69	73	129	133	197	267
329.jpg	111	88	143	120	320	287
330.jpg	227	42	263	78	350	259
392.jpg	107	142	274	309	350	484
332.jpg	161	36	234	109	350	350
333.jpg	189	205	267	283	350	458
334.jpg	76	101	253	278	350	350
338.jpg	107	104	194	191	350	342
341.jpg	66	152	234	320	300	428
343.jpg	141	74	196	129	266	200
344.jpg	133	107	207	181	350	525
345.jpg	104	114	226	236	350	541
346.jpg	145	46	221	122	350	450
347.jpg	179	71	278	170	350	389
351.jpg	197	16	269	88	350	131
354.jpg	97	113	213	229	274	314
356.jpg	106	105	215	214	344	344
359.jpg	84	28	121	65	244	345
360.jpg	182	54	231	103	350	350
361.jpg	87	57	137	107	220	283
362.jpg	142	67	198	123	350	466
363.jpg	162	90	257	185	350	533
364.jpg	107	135	264	292	350	350
366.jpg	139	85	197	143	350	650
370.jpg	48	24	80	56	114	170
373.jpg	220	64	279	123	350	347
374.jpg	169	28	217	76	350	262
375.jpg	44	76	126	158	180	208
376.jpg	133	43	195	105	350	438
377.jpg	27	16	67	56	135	200
378.jpg	73	36	108	71	166	255
381.jpg	126	87	222	183	350	525
382.jpg	135	24	179	68	320	240
383.jpg	51	54	113	116	300	256
384.jpg	144	147	293	296	350	510
385.jpg	44	70	102	128	182	164
391.jpg	21	33	58	70	200	200
393.jpg	69	37	98	66	160	219
394.jpg	119	115	225	221	331	409
398.jpg	115	126	204	215	350	353
399.jpg	34	205	78	249	350	350
401.jpg	135	25	192	82	350	355
403.jpg	263	92	302	131	350	262
408.jpg	84	23	126	65	200	249
409.jpg	40	44	74	78	120	179
411.jpg	100	59	150	109	350	274
413.jpg	191	83	248	140	350	456
414.jpg	157	59	198	100	350	345
416.jpg	154	76	221	143	350	525
417.jpg	68	229	285	446	319	500
418.jpg	60	67	220	227	285	285
420.jpg	121	113	199	191	350	433
421.jpg	160	55	195	90	350	262
422.jpg	159	90	195	126	350	222
423.jpg	27	110	55	138	150	212
424.jpg	98	34	137	73	203	152
425.jpg	115	75	192	152	350	262
426.jpg	103	78	250	225	350	271
