180.jpg	138	80	215	157	350	525
1.jpg	41	18	66	43	107	128
1278.jpg	106	103	189	186	350	425
300.jpg	123	67	192	136	331	362
4.jpg	33	35	63	65	100	150
621.jpg	97	190	245	338	350	482
6.jpg	96	54	202	160	350	525
7.jpg	55	26	84	55	123	145
8.jpg	56	48	98	90	150	221
10.jpg	30	25	61	56	110	160
11.jpg	153	90	226	163	350	525
12.jpg	127	98	222	193	350	456
14.jpg	101	121	195	215	350	495
1201.jpg	145	68	250	173	350	502
16.jpg	148	90	238	180	350	577
17.jpg	133	65	214	146	350	548
18.jpg	32	57	68	93	112	160
225.jpg	57	67	146	156	235	200
512.jpg	49	25	77	53	121	170
21.jpg	134	16	189	71	350	234
1219.jpg	114	85	215	186	350	455
52.jpg	146	106	224	184	350	358
24.jpg	167	155	224	212	345	500
25.jpg	113	73	151	111	275	420
26.jpg	56	47	99	90	150	113
62.jpg	117	52	191	126	350	259
379.jpg	88	97	172	181	250	363
489.jpg	96	121	240	265	350	469
77.jpg	66	54	160	148	230	172
392.jpg	106	117	222	233	350	525
34.jpg	127	93	195	161	350	492
926.jpg	158	120	222	184	350	525
1028.jpg	148	108	249	209	350	460
38.jpg	159	91	253	185	350	466
39.jpg	38	22	66	50	107	160
40.jpg	145	165	226	246	350	523
464.jpg	95	122	206	233	350	525
263.jpg	128	72	212	156	350	526
1005.jpg	122	92	188	158	350	525
629.jpg	158	47	229	118	350	503
525.jpg	140	78	212	150	350	452
50.jpg	140	60	233	153	350	512
705.jpg	138	105	233	200	350	524
707.jpg	138	70	198	130	350	421
56.jpg	40	29	74	63	117	180
57.jpg	186	167	242	223	350	490
59.jpg	40	23	66	49	110	186
61.jpg	59	56	123	120	155	202
63.jpg	111	92	222	203	350	526
1140.jpg	123	44	179	100	300	390
1181.jpg	155	83	223	151	350	526
68.jpg	58	199	282	423	350	500
69.jpg	34	26	62	54	111	154
185.jpg	79	120	143	184	350	525
73.jpg	52	11	97	56	150	150
1039.jpg	103	75	161	133	350	470
75.jpg	142	39	194	91	350	250
844.jpg	116	106	196	186	350	564
78.jpg	159	52	198	91	350	475
79.jpg	27	22	54	49	113	170
80.jpg	136	72	228	164	350	550
549.jpg	142	108	254	220	350	443
82.jpg	32	38	68	74	100	133
83.jpg	41	50	84	93	121	180
84.jpg	120	111	218	209	321	500
85.jpg	121	126	236	241	350	524
90.jpg	42	49	138	145	343	233
92.jpg	118	113	189	184	350	522
94.jpg	59	20	117	78	160	120
714.jpg	147	81	216	150	350	525
96.jpg	63	50	128	115	233	500
97.jpg	54	26	82	54	125	180
521.jpg	110	127	225	242	350	523
248.jpg	74	118	187	231	350	429
101.jpg	159	74	208	123	350	644
102.jpg	40	27	72	59	113	170
103.jpg	40	20	67	47	110	150
105.jpg	111	92	182	163	310	465
106.jpg	34	46	77	89	100	150
482.jpg	152	97	260	205	350	511
196.jpg	111	77	180	146	350	484
112.jpg	66	60	156	150	250	167
380.jpg	93	81	160	148	230	306
114.jpg	50	22	80	52	135	180
542.jpg	138	78	209	149	350	488
1056.jpg	98	95	185	182	350	483
117.jpg	118	45	185	112	350	504
469.jpg	124	122	227	225	350	525
120.jpg	24	25	56	57	100	100
121.jpg	101	126	203	228	350	505
122.jpg	108	116	202	210	350	493
708.jpg	189	74	261	146	350	526
130.jpg	110	45	171	106	350	262
131.jpg	97	101	185	189	350	480
1083.jpg	79	137	168	226	350	408
136.jpg	163	92	203	132	350	209
139.jpg	39	18	67	46	107	150
140.jpg	63	14	191	142	250	167
141.jpg	94	163	225	294	350	538
142.jpg	47	27	76	56	113	170
143.jpg	120	47	187	114	298	224
1281.jpg	147	62	200	115	350	462
601.jpg	114	168	243	297	350	350
149.jpg	163	54	219	110	350	472
150.jpg	46	46	89	89	138	175
849.jpg	202	70	280	148	350	501
885.jpg	122	118	234	230	350	500
736.jpg	127	118	233	224	350	502
155.jpg	28	28	58	58	106	160
157.jpg	99	93	181	175	300	451
158.jpg	57	72	145	160	327	462
1250.jpg	129	67	200	138	350	496
160.jpg	49	63	102	116	186	283
162.jpg	190	67	287	164	350	271
504.jpg	36	24	76	64	100	155
164.jpg	44	34	73	63	133	200
165.jpg	102	74	183	155	350	541
515.jpg	86	77	172	163	347	307
741.jpg	217	61	276	120	350	487
571.jpg	137	83	201	147	350	510
170.jpg	35	42	117	124	200	315
171.jpg	39	24	68	53	122	170
174.jpg	178	37	217	76	350	234
175.jpg	144	56	177	89	350	500
176.jpg	153	107	210	164	319	414
178.jpg	139	82	219	162	350	527
873.jpg	151	37	212	98	350	479
184.jpg	144	115	252	223	350	458
186.jpg	194	44	280	130	350	273
187.jpg	135	71	199	135	350	527
188.jpg	117	115	217	215	350	512
497.jpg	140	118	246	224	350	530
191.jpg	32	29	66	63	127	150
192.jpg	38	19	80	61	116	146
193.jpg	153	81	225	153	350	553
194.jpg	34	30	63	59	116	160
197.jpg	69	42	105	78	160	240
198.jpg	41	16	68	43	116	170
199.jpg	143	37	182	76	350	350
1286.jpg	162	128	251	217	350	485
202.jpg	39	22	67	50	109	164
203.jpg	74	73	134	133	200	302
205.jpg	68	43	114	89	160	240
206.jpg	178	54	233	109	295	400
208.jpg	156	90	235	169	350	522
210.jpg	131	58	261	188	350	262
211.jpg	147	71	190	114	350	545
212.jpg	30	37	62	69	110	170
214.jpg	126	97	200	171	350	527
215.jpg	69	41	107	79	194	250
216.jpg	93	104	211	222	350	499
217.jpg	94	89	246	241	350	502
972.jpg	154	95	279	220	350	262
221.jpg	45	44	93	92	150	195
222.jpg	38	33	66	61	112	160
223.jpg	87	55	136	104	240	320
224.jpg	65	39	97	71	195	260
226.jpg	49	23	79	53	135	180
227.jpg	205	41	265	101	350	350
795.jpg	112	139	250	277	350	451
229.jpg	112	69	205	162	350	623
230.jpg	108	153	229	274	350	460
231.jpg	139	64	267	192	350	490
232.jpg	167	68	204	105	350	350
233.jpg	47	23	110	86	150	150
234.jpg	46	32	77	63	129	170
235.jpg	95	23	124	52	160	120
236.jpg	46	37	84	75	100	150
239.jpg	136	78	218	160	350	262
245.jpg	55	37	83	65	150	224
602.jpg	143	90	226	173	350	525
250.jpg	35	17	64	46	100	150
251.jpg	172	33	214	75	350	525
253.jpg	128	133	235	240	350	494
255.jpg	129	66	202	139	350	482
256.jpg	137	128	197	188	350	444
257.jpg	123	49	179	105	300	277
258.jpg	154	64	199	109	350	551
259.jpg	43	27	77	61	119	160
260.jpg	236	56	273	93	350	275
261.jpg	93	79	167	153	350	503
262.jpg	76	17	111	52	145	100
264.jpg	136	45	203	112	350	262
266.jpg	66	66	203	203	342	342
267.jpg	35	96	99	160	350	459
271.jpg	146	60	184	98	350	262
274.jpg	53	80	121	148	130	176
275.jpg	40	31	79	70	118	170
477.jpg	113	121	222	230	350	525
279.jpg	112	136	286	310	350	526
281.jpg	9	10	89	90	190	143
283.jpg	57	94	175	212	350	478
284.jpg	29	26	66	63	120	180
285.jpg	132	68	210	146	350	524
286.jpg	58	20	86	48	135	180
287.jpg	41	36	71	66	133	200
290.jpg	121	159	214	252	334	500
291.jpg	147	52	206	111	350	464
293.jpg	85	51	124	90	228	344
294.jpg	95	145	189	239	300	451
295.jpg	53	21	83	51	126	150
297.jpg	137	82	238	183	350	525
298.jpg	135	53	204	122	305	500
522.jpg	165	64	221	120	350	471
303.jpg	147	95	266	214	350	422
304.jpg	161	97	203	139	300	400
305.jpg	38	24	66	52	113	150
675.jpg	140	124	222	206	350	525
307.jpg	146	78	212	144	350	441
308.jpg	205	51	236	82	350	333
309.jpg	229	72	289	132	350	262
310.jpg	131	66	198	133	350	562
668.jpg	145	59	206	120	350	466
312.jpg	86	57	170	141	300	484
313.jpg	131	49	169	87	250	214
314.jpg	62	32	98	68	155	215
315.jpg	147	18	176	47	350	234
316.jpg	96	61	153	118	290	300
317.jpg	68	6	97	35	150	150
319.jpg	207	67	283	143	350	560
320.jpg	145	78	251	184	350	526
321.jpg	129	29	167	67	320	220
323.jpg	96	77	165	146	350	275
1136.jpg	148	58	232	142	350	390
920.jpg	121	129	249	257	350	525
562.jpg	110	122	212	224	350	526
331.jpg	47	36	74	63	150	150
552.jpg	139	54	213	128	350	498
333.jpg	122	78	196	152	317	600
337.jpg	76	80	160	164	191	300
339.jpg	174	35	208	69	350	318
340.jpg	76	36	112	72	146	240
341.jpg	107	127	209	229	350	505
604.jpg	125	46	188	109	350	525
344.jpg	195	120	229	154	350	520
345.jpg	133	43	188	98	306	400
1242.jpg	159	121	235	197	350	567
701.jpg	126	72	193	139	350	527
350.jpg	80	62	170	152	224	328
352.jpg	57	27	86	56	110	180
354.jpg	48	49	109	110	162	202
467.jpg	104	126	221	243	350	520
360.jpg	185	188	246	249	350	315
361.jpg	31	27	61	57	100	150
362.jpg	103	53	167	117	250	181
365.jpg	157	51	191	85	350	250
367.jpg	49	15	85	51	150	150
369.jpg	121	133	199	211	350	681
745.jpg	146	105	228	187	350	524
371.jpg	145	52	179	86	241	320
474.jpg	121	97	216	192	350	476
374.jpg	27	20	68	61	109	164
1058.jpg	123	104	219	200	350	454
384.jpg	116	64	163	111	350	434
385.jpg	102	58	144	100	250	250
962.jpg	135	83	226	174	350	557
388.jpg	146	75	213	142	350	527
1051.jpg	128	123	208	203	350	480
390.jpg	35	51	77	93	120	172
391.jpg	160	85	219	144	350	525
393.jpg	43	27	69	53	113	160
1234.jpg	130	83	188	141	350	524
395.jpg	134	62	174	102	310	529
396.jpg	228	83	279	134	350	525
397.jpg	135	62	210	137	350	529
398.jpg	97	43	136	82	200	283
1167.jpg	121	130	212	221	350	504
406.jpg	43	17	71	45	100	150
409.jpg	84	103	175	194	350	545
410.jpg	158	111	225	178	350	525
670.jpg	151	76	223	148	350	532
415.jpg	47	33	77	63	124	170
417.jpg	26	41	61	76	121	180
418.jpg	103	81	174	152	350	565
422.jpg	84	27	135	78	200	150
423.jpg	145	112	205	172	350	526
425.jpg	121	61	214	154	333	500
427.jpg	85	18	120	53	170	128
428.jpg	143	94	249	200	350	557
431.jpg	113	156	243	286	350	532
434.jpg	68	55	101	88	150	150
899.jpg	149	81	210	142	350	525
438.jpg	33	17	61	45	100	100
439.jpg	149	54	193	98	250	300
446.jpg	125	147	230	252	350	507
447.jpg	127	138	240	251	350	482
941.jpg	129	83	177	131	333	500
1266.jpg	111	84	175	148	350	549
1244.jpg	150	131	213	194	350	525
947.jpg	175	73	243	141	350	573
454.jpg	76	48	114	86	203	300
456.jpg	95	174	234	313	350	503
458.jpg	57	41	85	69	170	154
871.jpg	19	76	262	319	350	501
460.jpg	123	97	216	190	350	427
702.jpg	122	87	194	159	350	527
1139.jpg	161	98	259	196	350	681
463.jpg	165	95	233	163	350	502
1282.jpg	121	152	231	262	350	525
468.jpg	147	66	221	140	350	500
761.jpg	94	98	200	204	350	524
897.jpg	231	61	299	129	350	479
476.jpg	110	95	204	189	350	525
478.jpg	134	68	191	125	350	471
479.jpg	140	95	202	157	350	525
480.jpg	208	142	266	200	350	489
1010.jpg	98	126	214	242	350	493
703.jpg	143	68	222	147	350	515
486.jpg	78	62	126	110	200	300
488.jpg	44	48	86	90	130	200
492.jpg	133	70	221	158	350	525
493.jpg	121	82	192	153	350	510
1154.jpg	104	98	193	187	350	525
499.jpg	104	99	233	228	350	503
502.jpg	40	16	71	47	110	165
503.jpg	120	126	176	182	350	467
507.jpg	144	204	196	256	350	527
509.jpg	38	32	76	70	120	160
510.jpg	120	98	202	180	350	490
517.jpg	141	56	194	109	318	478
746.jpg	126	126	226	226	350	549
523.jpg	130	44	188	102	350	503
524.jpg	236	47	290	101	350	227
527.jpg	161	64	237	140	350	530
822.jpg	138	97	218	177	350	569
1103.jpg	93	12	144	63	350	262
590.jpg	105	166	255	316	350	542
663.jpg	120	118	233	231	350	525
543.jpg	156	55	213	112	350	571
815.jpg	120	29	221	130	350	358
545.jpg	71	130	190	249	291	459
546.jpg	171	85	223	137	350	269
551.jpg	110	93	221	204	350	525
554.jpg	103	123	233	253	350	508
555.jpg	79	113	215	249	350	474
558.jpg	203	73	259	129	350	522
560.jpg	152	146	232	226	350	512
561.jpg	119	93	187	161	350	449
563.jpg	114	74	171	131	309	500
564.jpg	101	78	150	127	350	554
566.jpg	132	115	178	161	300	450
572.jpg	137	78	201	142	350	515
578.jpg	150	83	191	124	350	575
583.jpg	56	30	82	56	113	170
585.jpg	99	88	218	207	350	434
586.jpg	113	100	209	196	350	525
587.jpg	37	23	66	52	110	165
700.jpg	124	111	223	210	350	479
592.jpg	68	132	205	269	350	514
596.jpg	66	134	283	351	350	466
597.jpg	126	76	198	148	350	567
600.jpg	37	51	88	102	120	170
603.jpg	54	41	87	74	133	200
605.jpg	45	29	79	63	110	160
606.jpg	115	75	183	143	350	523
607.jpg	126	59	192	125	350	452
609.jpg	96	41	172	117	350	468
611.jpg	100	132	217	249	332	500
612.jpg	128	61	186	119	350	525
613.jpg	122	92	207	177	350	516
614.jpg	80	118	198	236	350	490
1107.jpg	132	84	221	173	350	525
617.jpg	93	84	178	169	350	525
619.jpg	54	30	83	59	112	180
623.jpg	39	22	67	50	110	150
624.jpg	106	104	203	201	350	503
625.jpg	40	73	177	210	350	479
631.jpg	147	118	264	235	350	524
632.jpg	34	7	112	85	160	120
633.jpg	121	99	204	182	350	567
636.jpg	102	111	208	217	350	525
640.jpg	106	68	170	132	200	292
641.jpg	40	13	66	39	105	150
645.jpg	48	32	76	60	127	180
878.jpg	102	63	238	199	350	528
927.jpg	149	89	217	157	350	556
737.jpg	121	69	193	141	350	491
650.jpg	173	40	214	81	350	231
654.jpg	172	104	219	151	350	501
660.jpg	136	116	258	238	350	352
661.jpg	66	109	133	176	350	572
664.jpg	219	63	263	107	350	225
666.jpg	150	108	231	189	350	450
667.jpg	207	57	281	131	350	517
669.jpg	156	84	218	146	350	466
671.jpg	219	45	256	82	350	572
673.jpg	95	31	125	61	150	130
674.jpg	177	92	225	140	350	484
676.jpg	206	65	263	122	350	445
678.jpg	177	71	244	138	350	262
679.jpg	40	26	68	54	129	180
682.jpg	42	48	125	131	220	220
1095.jpg	143	74	225	156	350	485
685.jpg	144	81	209	146	350	554
686.jpg	122	108	225	211	350	390
687.jpg	167	188	285	306	350	477
688.jpg	136	76	237	177	350	525
689.jpg	137	84	229	176	350	386
692.jpg	120	37	155	72	255	420
693.jpg	154	46	200	92	350	490
1192.jpg	104	120	217	233	350	490
698.jpg	136	46	198	108	350	538
1024.jpg	113	88	188	163	350	482
710.jpg	72	70	141	139	259	500
717.jpg	120	69	197	146	350	582
718.jpg	48	22	74	48	113	170
719.jpg	160	57	199	96	350	495
720.jpg	180	101	251	172	350	564
722.jpg	139	62	215	138	350	526
723.jpg	133	77	201	145	350	514
936.jpg	157	67	231	141	350	437
726.jpg	123	127	241	245	350	523
727.jpg	112	69	189	146	350	523
728.jpg	123	112	215	204	350	472
729.jpg	156	110	267	221	350	525
731.jpg	128	78	198	148	350	567
1037.jpg	54	121	207	274	350	495
734.jpg	125	32	164	71	308	320
738.jpg	113	30	156	73	300	490
742.jpg	57	27	85	55	152	192
744.jpg	90	66	153	129	350	527
748.jpg	133	77	205	149	350	525
750.jpg	164	47	200	83	350	509
758.jpg	134	82	215	163	350	565
759.jpg	139	119	233	213	344	517
765.jpg	135	73	191	129	350	519
768.jpg	161	108	272	219	350	456
769.jpg	44	20	73	49	120	171
770.jpg	159	80	230	151	350	579
771.jpg	86	168	253	335	300	451
772.jpg	55	82	127	154	206	288
789.jpg	77	18	182	123	350	525
777.jpg	65	22	143	100	220	220
779.jpg	84	84	241	241	350	501
780.jpg	94	40	157	103	350	502
985.jpg	167	79	224	136	350	525
785.jpg	114	88	172	146	307	500
788.jpg	147	69	193	115	350	542
790.jpg	95	83	207	195	300	300
792.jpg	132	97	235	200	350	522
793.jpg	102	101	209	208	350	525
794.jpg	93	35	138	80	240	320
797.jpg	68	224	145	301	350	600
798.jpg	127	75	191	139	350	547
800.jpg	135	117	205	187	350	262
805.jpg	157	90	211	144	350	540
1283.jpg	145	35	189	79	350	309
809.jpg	56	47	256	247	350	262
810.jpg	112	110	186	184	308	400
811.jpg	12	155	241	384	350	524
1030.jpg	110	66	211	167	350	515
814.jpg	48	56	76	84	100	150
816.jpg	66	56	95	85	138	150
820.jpg	118	61	198	141	350	568
1082.jpg	85	154	258	327	350	532
824.jpg	156	96	265	205	350	501
826.jpg	143	93	225	175	350	512
828.jpg	179	65	272	158	350	525
831.jpg	127	46	186	105	350	386
833.jpg	89	157	254	322	350	535
843.jpg	99	35	131	67	215	400
845.jpg	41	19	68	46	109	165
846.jpg	78	88	157	167	350	525
852.jpg	37	42	72	77	106	140
855.jpg	6	12	173	179	350	262
856.jpg	92	99	200	207	350	466
857.jpg	39	83	180	224	350	502
859.jpg	95	102	191	198	350	492
860.jpg	163	57	238	132	350	525
861.jpg	112	145	239	272	339	500
864.jpg	82	76	156	150	350	552
867.jpg	36	27	69	60	220	110
874.jpg	181	54	257	130	350	481
875.jpg	143	153	182	192	350	580
876.jpg	31	32	68	69	182	182
879.jpg	127	74	189	136	350	490
882.jpg	36	70	72	106	350	525
883.jpg	9	30	48	69	100	150
884.jpg	119	137	252	270	350	443
888.jpg	157	140	273	256	350	515
1078.jpg	116	85	190	159	350	566
891.jpg	44	25	70	51	109	164
892.jpg	134	52	203	121	350	558
893.jpg	45	21	73	49	133	200
895.jpg	211	111	283	183	350	556
900.jpg	145	74	202	131	350	516
901.jpg	218	96	244	122	337	500
906.jpg	49	15	76	42	115	144
908.jpg	118	73	188	143	350	496
909.jpg	113	81	185	153	350	525
910.jpg	106	100	177	171	320	480
914.jpg	43	29	77	63	109	160
915.jpg	90	72	151	133	250	250
916.jpg	36	26	62	52	105	140
921.jpg	250	58	340	148	350	491
925.jpg	109	20	137	48	170	147
931.jpg	46	38	77	69	120	180
932.jpg	94	139	216	261	350	546
934.jpg	92	68	218	194	350	352
935.jpg	196	29	225	58	350	219
940.jpg	90	34	124	68	222	300
946.jpg	99	113	213	227	350	375
953.jpg	194	41	238	85	350	218
954.jpg	130	161	295	326	350	566
956.jpg	141	79	201	139	350	512
957.jpg	115	143	226	254	350	494
958.jpg	100	93	190	183	350	526
960.jpg	27	45	63	81	112	170
961.jpg	102	99	215	212	350	521
964.jpg	105	109	197	201	350	525
967.jpg	146	63	184	101	350	526
968.jpg	133	54	197	118	350	444
969.jpg	141	75	193	127	299	450
976.jpg	51	48	90	87	125	200
977.jpg	48	36	82	70	116	160
979.jpg	121	61	203	143	300	300
980.jpg	35	50	88	103	100	165
981.jpg	138	80	204	146	350	548
982.jpg	111	62	175	126	350	270
990.jpg	122	107	196	181	350	550
991.jpg	152	141	183	172	350	467
992.jpg	105	116	206	217	350	507
994.jpg	100	42	130	72	170	108
996.jpg	174	19	214	59	350	238
999.jpg	150	95	212	157	350	490
1000.jpg	116	62	196	142	350	524
1006.jpg	66	32	94	60	155	180
1015.jpg	62	166	124	228	350	525
1016.jpg	30	37	69	76	112	160
1017.jpg	64	38	93	67	128	200
1018.jpg	300	76	327	103	350	350
1021.jpg	31	34	70	73	240	180
1246.jpg	115	117	188	190	350	526
1025.jpg	191	59	221	89	350	451
1027.jpg	139	160	312	333	350	559
1031.jpg	124	121	234	231	350	553
1033.jpg	113	114	204	205	350	525
1034.jpg	138	75	214	151	350	521
1040.jpg	139	34	174	69	350	321
1041.jpg	50	29	76	55	113	160
1043.jpg	149	38	194	83	350	206
1050.jpg	102	81	184	163	350	562
1054.jpg	117	86	219	188	350	264
1057.jpg	144	90	219	165	350	400
1059.jpg	13	31	43	61	170	138
1060.jpg	69	24	93	48	150	150
1062.jpg	123	102	198	177	350	500
1256.jpg	105	115	241	251	350	524
1065.jpg	116	52	186	122	350	525
1068.jpg	81	83	160	162	350	523
1069.jpg	177	62	275	160	350	560
1070.jpg	215	141	285	211	350	563
1073.jpg	157	63	197	103	350	525
1075.jpg	87	104	162	179	350	525
1079.jpg	90	79	186	175	350	527
1080.jpg	146	68	185	107	350	490
1086.jpg	42	28	71	57	115	170
1091.jpg	37	94	146	203	317	425
1092.jpg	171	132	267	228	350	525
1097.jpg	87	49	129	91	174	120
1099.jpg	153	86	198	131	350	489
1105.jpg	114	115	209	210	350	524
1108.jpg	201	68	288	155	350	525
1109.jpg	56	125	175	244	350	525
1110.jpg	194	60	286	152	350	251
1116.jpg	159	62	199	102	350	552
1117.jpg	63	106	170	213	350	431
1119.jpg	44	21	72	49	125	100
1121.jpg	123	71	193	141	350	527
1123.jpg	41	33	68	60	110	160
1124.jpg	103	43	192	132	350	518
1126.jpg	45	57	77	89	127	180
1132.jpg	125	90	182	147	350	485
1227.jpg	127	17	237	127	350	525
1134.jpg	100	85	157	142	239	400
1135.jpg	51	37	81	67	121	180
1138.jpg	211	220	286	295	350	322
1142.jpg	52	36	81	65	122	170
1143.jpg	32	35	64	67	100	165
1153.jpg	106	56	181	131	350	350
1156.jpg	160	60	228	128	350	387
1159.jpg	31	43	59	71	120	180
1160.jpg	138	90	247	199	350	442
1163.jpg	127	82	191	146	350	546
1164.jpg	180	101	240	161	350	525
1169.jpg	232	72	269	109	350	350
1170.jpg	35	36	69	70	110	162
1171.jpg	71	148	191	268	270	400
1172.jpg	130	49	166	85	350	477
1173.jpg	110	49	196	135	350	565
1175.jpg	37	22	70	55	100	150
1176.jpg	168	106	239	177	350	493
1179.jpg	121	107	243	229	350	480
1187.jpg	105	77	165	137	350	494
1285.jpg	135	63	206	134	350	518
1200.jpg	169	91	245	167	350	525
1203.jpg	147	80	215	148	350	377
1204.jpg	137	110	238	211	350	347
1206.jpg	106	98	192	184	350	524
1209.jpg	124	91	189	156	350	525
1210.jpg	46	24	74	52	119	160
1211.jpg	123	140	220	237	350	546
1212.jpg	128	101	217	190	350	539
1217.jpg	96	149	225	278	350	525
1218.jpg	137	51	194	108	350	280
1222.jpg	31	33	60	62	110	150
1229.jpg	227	139	274	186	350	466
1231.jpg	154	53	193	92	350	450
1232.jpg	141	117	206	182	350	525
1237.jpg	109	69	195	155	350	415
1238.jpg	90	154	255	319	350	469
1239.jpg	138	101	207	170	293	400
1247.jpg	142	73	209	140	350	591
1251.jpg	192	117	269	194	350	489
1255.jpg	138	87	209	158	350	581
1257.jpg	235	129	308	202	350	798
1258.jpg	163	168	245	250	350	525
1261.jpg	88	56	117	85	210	210
1262.jpg	95	101	170	176	350	567
1263.jpg	148	103	192	147	350	471
1264.jpg	115	103	240	228	300	451
1271.jpg	94	129	225	260	350	531
1272.jpg	131	127	281	277	350	507
1274.jpg	68	49	110	91	199	300
1279.jpg	117	88	192	163	350	526
1284.jpg	37	33	66	62	125	200
1287.jpg	112	48	167	103	300	198
1288.jpg	175	91	254	170	350	539
1289.jpg	95	75	195	175	350	517
