555.jpg	91	126	182	217	250	250
269.jpg	91	76	150	135	350	350
383.jpg	132	89	181	138	350	392
214.jpg	117	91	193	167	350	507
4.jpg	109	62	153	106	299	300
6.jpg	146	15	208	77	350	233
7.jpg	150	50	210	110	282	320
9.jpg	126	168	242	284	350	508
242.jpg	52	81	127	156	300	367
11.jpg	43	84	128	169	200	300
370.jpg	116	137	235	256	350	525
382.jpg	50	103	151	204	350	350
14.jpg	52	33	111	92	160	160
16.jpg	51	41	81	71	114	180
229.jpg	71	31	100	60	200	222
18.jpg	136	101	278	243	350	521
20.jpg	96	63	179	146	300	300
21.jpg	28	36	57	65	105	150
446.jpg	130	90	205	165	350	233
23.jpg	116	93	201	178	316	237
24.jpg	154	24	245	115	350	232
26.jpg	41	44	102	105	160	200
27.jpg	60	42	90	72	164	224
28.jpg	64	26	112	74	133	125
31.jpg	62	54	153	145	230	300
32.jpg	41	39	78	76	140	105
441.jpg	102	31	138	67	184	137
190.jpg	115	97	201	183	350	465
35.jpg	108	49	141	82	230	306
50.jpg	90	51	222	183	350	386
41.jpg	28	22	53	47	107	129
341.jpg	102	109	253	260	350	501
60.jpg	202	85	254	137	350	413
358.jpg	73	183	269	379	346	516
47.jpg	103	43	131	71	150	200
48.jpg	57	13	81	37	140	105
256.jpg	127	52	195	120	350	440
51.jpg	70	62	160	152	300	320
470.jpg	99	128	220	249	350	525
55.jpg	123	62	176	115	300	300
420.jpg	119	105	211	197	350	526
57.jpg	151	88	215	152	350	564
61.jpg	98	55	147	104	260	430
62.jpg	99	16	183	100	281	211
360.jpg	109	97	220	208	350	527
64.jpg	57	23	126	92	200	248
66.jpg	56	0	152	96	200	200
68.jpg	92	60	133	101	300	300
69.jpg	118	95	197	174	350	530
74.jpg	136	77	227	168	350	451
77.jpg	86	150	261	325	350	494
350.jpg	120	102	237	219	350	512
79.jpg	166	60	240	134	350	400
80.jpg	33	36	72	75	113	170
81.jpg	110	117	211	218	350	486
84.jpg	78	13	258	193	350	236
85.jpg	111	139	229	257	350	507
86.jpg	147	48	228	129	350	350
90.jpg	58	16	172	130	347	187
92.jpg	137	79	202	144	350	529
94.jpg	126	103	222	199	350	256
95.jpg	138	84	219	165	350	301
96.jpg	84	104	191	211	280	390
510.jpg	143	98	235	190	350	526
184.jpg	89	157	234	302	327	460
101.jpg	129	88	239	198	350	486
104.jpg	49	52	148	151	226	170
429.jpg	40	41	92	93	119	119
109.jpg	126	38	162	74	300	450
548.jpg	87	100	227	240	350	366
111.jpg	48	32	80	64	131	180
113.jpg	160	71	220	131	350	476
114.jpg	111	92	212	193	321	459
167.jpg	33	43	74	84	122	180
117.jpg	37	31	67	61	110	160
474.jpg	65	147	236	318	350	525
281.jpg	240	78	310	148	350	343
122.jpg	111	113	218	220	350	503
123.jpg	110	97	203	190	350	424
124.jpg	43	38	92	87	138	103
131.jpg	104	119	228	243	340	461
133.jpg	128	78	190	140	350	350
425.jpg	166	107	233	174	350	430
137.jpg	248	99	300	151	350	350
138.jpg	9	17	249	257	350	262
394.jpg	127	110	217	200	350	526
143.jpg	124	26	151	53	182	182
147.jpg	81	73	119	111	248	331
149.jpg	122	97	196	171	313	400
150.jpg	106	84	249	227	350	292
154.jpg	113	34	150	71	250	250
155.jpg	49	24	78	53	119	180
156.jpg	39	17	64	42	105	150
157.jpg	68	103	143	178	350	525
158.jpg	64	37	124	97	200	150
159.jpg	39	27	74	62	120	180
161.jpg	159	35	198	74	347	187
162.jpg	63	50	97	84	150	150
165.jpg	68	60	135	127	220	293
263.jpg	147	109	246	208	343	500
451.jpg	126	136	211	221	350	524
171.jpg	64	48	167	151	250	167
173.jpg	68	55	101	88	130	130
202.jpg	152	67	209	124	350	526
452.jpg	106	58	148	100	250	375
177.jpg	77	34	126	83	187	117
182.jpg	107	45	272	210	300	300
186.jpg	33	34	79	80	109	128
188.jpg	72	48	150	126	350	215
189.jpg	172	65	211	104	350	548
191.jpg	167	126	257	216	350	497
554.jpg	122	128	221	227	350	526
193.jpg	42	12	70	40	119	150
194.jpg	99	139	180	220	314	500
552.jpg	152	97	247	192	350	525
196.jpg	69	50	96	77	181	198
197.jpg	75	47	128	100	200	300
198.jpg	39	49	84	94	122	180
199.jpg	62	52	129	119	181	240
204.jpg	122	84	223	185	350	291
206.jpg	44	22	73	51	117	170
207.jpg	139	102	216	179	350	527
212.jpg	120	18	148	46	192	144
218.jpg	68	68	95	95	182	182
219.jpg	12	29	47	64	100	100
223.jpg	62	49	122	109	164	240
224.jpg	14	52	75	113	135	185
225.jpg	49	37	97	85	150	200
468.jpg	144	92	213	161	350	462
228.jpg	51	25	77	51	106	160
231.jpg	52	46	113	107	200	197
232.jpg	100	97	176	173	283	425
234.jpg	80	43	116	79	243	365
236.jpg	33	17	62	46	105	150
241.jpg	70	41	94	65	150	150
244.jpg	41	37	76	72	120	180
245.jpg	106	100	196	190	320	480
246.jpg	50	31	85	66	140	105
250.jpg	86	49	121	84	195	300
252.jpg	32	43	73	84	102	150
262.jpg	37	27	75	65	100	150
264.jpg	94	74	184	164	283	400
267.jpg	11	36	68	93	125	106
273.jpg	61	34	95	68	140	140
278.jpg	203	80	245	122	350	280
284.jpg	71	32	116	77	150	148
287.jpg	54	61	98	105	150	176
507.jpg	101	136	231	266	350	484
294.jpg	90	188	152	250	243	365
295.jpg	119	98	192	171	350	525
296.jpg	103	57	147	101	178	144
297.jpg	66	36	95	65	150	150
298.jpg	138	65	177	104	300	400
302.jpg	165	80	274	189	344	344
303.jpg	93	123	210	240	350	490
493.jpg	143	41	205	103	350	331
307.jpg	169	49	209	89	350	531
311.jpg	268	80	325	137	350	233
314.jpg	103	38	147	82	240	365
317.jpg	64	60	158	154	281	351
319.jpg	63	23	96	56	160	120
321.jpg	142	70	231	159	350	243
322.jpg	38	41	77	80	120	170
541.jpg	102	93	240	231	350	520
324.jpg	118	66	148	96	285	450
327.jpg	70	64	156	150	240	320
329.jpg	59	11	91	43	137	100
330.jpg	61	14	90	43	135	165
398.jpg	100	100	213	213	350	533
334.jpg	126	45	209	128	345	326
336.jpg	41	30	70	59	113	170
339.jpg	131	81	210	160	350	301
343.jpg	159	93	249	183	350	525
344.jpg	162	37	201	76	350	233
345.jpg	86	29	120	63	150	150
346.jpg	141	75	219	153	350	525
347.jpg	142	76	207	141	350	530
349.jpg	41	5	70	34	135	165
351.jpg	61	107	116	162	350	517
355.jpg	110	153	268	311	350	525
357.jpg	131	59	244	172	350	524
359.jpg	139	100	253	214	350	525
361.jpg	164	102	254	192	350	525
362.jpg	121	92	197	168	332	500
365.jpg	237	47	299	109	350	262
367.jpg	115	90	183	158	350	500
368.jpg	46	33	76	63	120	180
369.jpg	97	155	254	312	350	471
371.jpg	176	85	253	162	350	490
372.jpg	56	22	85	51	240	195
374.jpg	124	124	192	192	323	500
482.jpg	113	58	164	109	304	430
378.jpg	43	45	80	82	128	180
379.jpg	69	69	179	179	270	430
380.jpg	41	101	120	180	350	490
381.jpg	92	76	167	151	350	525
385.jpg	154	56	195	97	350	525
387.jpg	60	66	162	168	350	262
388.jpg	80	65	144	129	200	300
391.jpg	152	88	227	163	350	477
393.jpg	62	68	169	175	250	357
399.jpg	117	151	245	279	350	582
402.jpg	52	39	87	74	141	200
403.jpg	147	87	196	136	350	525
406.jpg	143	65	197	119	350	465
408.jpg	137	93	229	185	350	459
415.jpg	48	2	87	41	135	165
416.jpg	67	35	102	70	150	150
418.jpg	147	89	245	187	350	525
424.jpg	123	57	191	125	350	388
426.jpg	131	103	224	196	350	525
428.jpg	42	36	79	73	111	180
430.jpg	146	76	195	125	334	500
431.jpg	30	44	78	92	119	170
433.jpg	71	69	139	137	284	600
434.jpg	227	145	286	204	350	489
436.jpg	38	2	71	35	120	120
437.jpg	188	90	282	184	350	531
439.jpg	129	68	190	129	350	526
440.jpg	122	58	182	118	330	525
450.jpg	151	61	209	119	350	524
455.jpg	48	23	78	53	110	150
457.jpg	163	48	207	92	350	375
458.jpg	50	168	191	309	300	475
459.jpg	142	165	277	300	350	484
461.jpg	44	30	71	57	124	170
463.jpg	43	34	74	65	140	105
464.jpg	158	58	235	135	350	605
466.jpg	97	64	131	98	350	262
471.jpg	155	43	201	89	350	255
475.jpg	37	23	67	53	100	138
476.jpg	97	39	145	87	240	124
480.jpg	65	173	212	320	350	472
483.jpg	44	66	101	123	135	180
484.jpg	37	32	77	72	119	170
486.jpg	76	44	126	94	180	190
489.jpg	97	37	133	73	150	112
490.jpg	118	95	189	166	350	466
492.jpg	140	54	187	101	350	662
494.jpg	173	99	252	178	350	536
497.jpg	22	34	50	62	120	180
501.jpg	186	110	294	218	350	472
504.jpg	49	38	79	68	100	150
506.jpg	90	46	121	77	205	300
509.jpg	164	27	199	62	350	262
511.jpg	279	8	342	71	350	230
563.jpg	83	137	213	267	350	452
517.jpg	27	40	69	82	114	170
519.jpg	91	20	120	49	204	135
522.jpg	51	39	82	70	125	180
530.jpg	69	139	224	294	350	525
524.jpg	26	97	87	158	235	300
525.jpg	103	2	163	62	350	490
526.jpg	77	86	149	158	200	300
527.jpg	102	90	141	129	200	200
528.jpg	90	48	148	106	350	338
535.jpg	136	102	217	183	350	523
538.jpg	27	18	56	47	100	138
542.jpg	52	44	90	82	156	240
546.jpg	120	133	225	238	350	469
549.jpg	64	64	110	110	186	263
551.jpg	105	57	179	131	350	335
553.jpg	105	192	250	337	350	478
561.jpg	40	43	77	80	116	170
