0.jpg	173	64	247	138	350	276
1.jpg	22	29	72	79	100	100
2.jpg	69	53	97	81	150	216
122.jpg	119	204	239	324	350	473
49.jpg	105	144	161	200	270	400
52.jpg	151	174	328	351	350	500
62.jpg	79	92	268	281	300	506
31.jpg	87	139	126	178	214	300
8.jpg	114	19	148	53	150	213
222.jpg	137	55	263	181	350	403
45.jpg	176	45	241	110	350	232
11.jpg	59	80	97	118	150	217
12.jpg	73	63	159	149	241	320
13.jpg	21	58	87	124	139	160
14.jpg	41	60	79	98	100	140
15.jpg	105	178	194	267	298	400
16.jpg	154	221	218	285	350	471
166.jpg	34	64	124	154	210	197
18.jpg	59	27	136	104	241	150
19.jpg	163	195	324	356	334	475
20.jpg	39	5	172	138	250	167
219.jpg	112	114	254	256	350	478
199.jpg	96	118	251	273	350	491
69.jpg	85	141	275	331	350	437
26.jpg	130	60	196	126	350	238
29.jpg	49	26	82	59	130	163
30.jpg	173	79	239	145	350	433
32.jpg	69	24	192	147	250	167
33.jpg	57	93	99	135	150	216
34.jpg	73	82	183	192	225	300
43.jpg	103	58	171	126	350	359
263.jpg	175	30	238	93	350	269
121.jpg	162	153	225	216	325	400
118.jpg	63	54	158	149	216	323
40.jpg	35	28	61	54	170	113
42.jpg	68	39	111	82	200	240
46.jpg	153	62	234	143	350	286
47.jpg	6	54	70	118	114	170
48.jpg	23	51	90	118	118	153
50.jpg	14	45	66	97	104	135
51.jpg	55	50	157	152	240	240
53.jpg	112	169	272	329	350	469
55.jpg	97	60	168	131	250	291
56.jpg	145	43	217	115	288	320
57.jpg	56	58	110	112	167	250
58.jpg	57	58	85	86	137	199
61.jpg	58	41	90	73	175	130
251.jpg	96	61	177	142	336	393
64.jpg	97	23	135	61	170	128
66.jpg	80	24	130	74	150	208
286.jpg	223	127	311	215	350	520
70.jpg	126	76	203	153	350	220
323.jpg	145	116	331	302	350	525
72.jpg	40	58	69	87	100	130
73.jpg	77	34	140	97	250	320
74.jpg	126	126	267	267	350	469
75.jpg	45	102	196	253	246	320
76.jpg	53	52	128	127	150	150
77.jpg	6	29	71	94	102	145
139.jpg	64	93	131	160	250	378
79.jpg	38	96	154	212	220	330
81.jpg	151	164	199	212	350	350
82.jpg	131	107	207	183	350	525
95.jpg	164	26	216	78	350	233
84.jpg	163	76	302	215	350	261
85.jpg	66	154	95	183	180	234
86.jpg	63	34	111	82	136	189
87.jpg	45	73	132	160	180	242
90.jpg	81	23	115	57	241	233
93.jpg	42	43	105	106	185	185
94.jpg	209	34	260	85	350	262
96.jpg	60	118	198	256	350	524
97.jpg	55	48	146	139	250	210
99.jpg	182	49	237	104	300	298
100.jpg	84	113	162	191	219	315
102.jpg	80	19	109	48	170	113
103.jpg	135	26	199	90	350	250
104.jpg	116	62	218	164	350	242
105.jpg	125	74	218	167	350	277
106.jpg	267	101	307	141	350	252
167.jpg	40	35	94	89	120	160
201.jpg	23	159	114	250	272	500
112.jpg	47	49	122	124	150	150
114.jpg	114	61	161	108	350	233
115.jpg	50	104	110	164	180	330
116.jpg	85	116	222	253	350	551
119.jpg	160	68	217	125	350	483
120.jpg	132	31	164	63	245	189
123.jpg	100	93	238	231	330	380
124.jpg	150	35	191	76	210	302
126.jpg	89	74	182	167	206	276
127.jpg	36	41	90	95	130	173
128.jpg	75	47	237	209	350	263
130.jpg	121	59	191	129	350	412
131.jpg	127	113	236	222	315	552
132.jpg	64	53	88	77	150	150
133.jpg	37	46	99	108	139	200
134.jpg	51	43	111	103	150	207
141.jpg	116	68	222	174	350	279
137.jpg	51	107	78	134	240	240
138.jpg	72	30	103	61	150	150
142.jpg	168	67	208	107	350	232
143.jpg	54	80	168	194	245	280
144.jpg	147	60	221	134	350	466
145.jpg	180	74	254	148	350	414
146.jpg	114	94	253	233	322	400
291.jpg	65	96	263	294	305	420
148.jpg	128	52	185	109	303	425
150.jpg	52	41	110	99	180	120
151.jpg	69	73	103	107	160	160
152.jpg	75	101	278	304	350	417
153.jpg	31	34	93	96	213	159
154.jpg	150	49	220	119	338	425
159.jpg	47	50	151	154	178	240
320.jpg	101	108	218	225	350	340
161.jpg	140	119	192	171	350	248
162.jpg	75	47	156	128	278	209
170.jpg	55	74	88	107	130	182
288.jpg	63	110	164	211	350	607
172.jpg	85	42	123	80	192	240
173.jpg	24	55	121	152	150	210
174.jpg	69	60	134	125	150	150
177.jpg	147	63	203	119	240	333
180.jpg	173	27	223	77	350	237
233.jpg	67	79	176	188	220	235
183.jpg	70	39	124	93	200	250
184.jpg	105	81	195	171	350	525
188.jpg	79	91	154	166	239	354
190.jpg	137	68	240	171	350	456
191.jpg	128	84	260	216	350	577
192.jpg	85	86	126	127	200	290
193.jpg	89	81	178	170	265	268
194.jpg	53	65	90	102	200	283
198.jpg	61	48	90	77	140	202
202.jpg	52	40	134	122	203	152
208.jpg	62	28	92	58	150	164
210.jpg	198	63	286	151	350	262
211.jpg	98	117	287	306	350	413
214.jpg	148	118	175	145	200	280
217.jpg	20	62	79	121	229	250
218.jpg	82	40	113	71	200	160
225.jpg	80	86	208	214	261	350
226.jpg	46	74	98	126	170	200
227.jpg	100	29	135	64	180	135
228.jpg	69	25	118	74	163	172
229.jpg	168	174	249	255	350	582
230.jpg	158	41	202	85	350	227
231.jpg	126	110	237	221	291	350
232.jpg	36	37	75	76	122	160
234.jpg	58	42	97	81	175	235
243.jpg	134	76	264	206	350	262
244.jpg	22	60	114	152	167	168
245.jpg	44	40	98	94	350	255
248.jpg	26	34	83	91	100	117
249.jpg	105	78	222	195	344	422
327.jpg	130	55	201	126	350	406
253.jpg	98	104	134	140	300	242
254.jpg	106	56	167	117	300	256
258.jpg	95	55	147	107	322	318
259.jpg	100	57	161	118	350	550
262.jpg	83	31	129	77	200	143
266.jpg	92	56	165	129	300	420
268.jpg	50	86	206	242	257	386
269.jpg	274	123	334	183	350	492
271.jpg	155	65	241	151	350	576
272.jpg	148	101	232	185	350	262
274.jpg	54	84	123	153	266	462
275.jpg	43	25	74	56	124	109
276.jpg	138	222	218	302	345	498
278.jpg	149	72	225	148	350	507
279.jpg	56	68	109	121	110	165
283.jpg	100	44	147	91	206	332
284.jpg	78	60	159	141	350	460
287.jpg	164	71	275	182	350	252
293.jpg	133	99	263	229	350	435
296.jpg	96	72	183	159	350	525
297.jpg	61	66	150	155	222	320
300.jpg	123	61	189	127	350	411
301.jpg	104	55	158	109	297	400
303.jpg	56	130	137	211	350	411
304.jpg	155	80	237	162	350	516
305.jpg	154	102	244	192	350	526
307.jpg	99	101	216	218	300	300
309.jpg	45	16	73	44	120	150
310.jpg	27	46	288	307	350	350
314.jpg	38	37	80	79	240	186
315.jpg	57	57	115	115	350	270
322.jpg	46	46	94	94	118	150
324.jpg	127	49	177	99	350	283
326.jpg	165	36	221	92	335	200
329.jpg	145	73	227	155	350	350
333.jpg	78	62	126	110	142	214
335.jpg	45	20	73	48	110	140
