0.jpg	27	31	94	98	135	150
1.jpg	45	20	75	50	110	167
2.jpg	25	95	207	277	300	451
3.jpg	106	44	160	98	294	200
46.jpg	59	89	152	182	261	390
5.jpg	157	46	229	118	350	262
6.jpg	5	35	71	101	150	200
80.jpg	61	84	137	160	350	447
8.jpg	58	85	124	151	200	186
127.jpg	121	62	213	154	350	482
10.jpg	194	42	263	111	350	488
11.jpg	19	15	46	42	125	105
12.jpg	14	68	153	207	330	336
13.jpg	55	26	80	51	106	160
94.jpg	71	67	123	119	200	201
168.jpg	96	72	194	170	350	463
16.jpg	173	86	204	117	300	286
17.jpg	65	41	118	94	176	350
18.jpg	140	39	226	125	350	262
19.jpg	134	88	284	238	349	371
20.jpg	177	65	253	141	350	425
172.jpg	183	77	279	173	350	379
22.jpg	126	64	187	125	350	233
23.jpg	129	105	189	165	350	404
164.jpg	90	60	157	127	290	474
27.jpg	151	134	241	224	350	484
28.jpg	141	65	230	154	350	497
29.jpg	219	40	297	118	350	223
30.jpg	116	90	190	164	350	482
31.jpg	74	18	103	47	150	205
33.jpg	90	84	148	142	350	475
34.jpg	71	34	118	81	180	264
36.jpg	54	101	177	224	350	420
101.jpg	99	72	178	151	350	479
38.jpg	83	54	144	115	226	350
40.jpg	139	49	205	115	350	491
154.jpg	147	46	214	113	350	466
173.jpg	199	44	282	127	350	262
43.jpg	31	117	206	292	350	481
59.jpg	124	97	208	181	300	350
48.jpg	141	36	179	74	289	320
113.jpg	123	79	256	212	350	467
70.jpg	187	106	281	200	350	454
51.jpg	148	15	190	57	350	292
52.jpg	80	105	137	162	350	233
53.jpg	106	43	154	91	350	445
55.jpg	37	54	92	109	120	160
121.jpg	95	114	216	235	350	466
165.jpg	90	135	207	252	350	540
58.jpg	112	80	226	194	350	835
62.jpg	67	78	212	223	350	422
63.jpg	132	106	238	212	350	912
64.jpg	153	74	233	154	350	514
65.jpg	143	48	200	105	350	436
136.jpg	103	95	201	193	350	493
68.jpg	148	44	214	110	350	473
69.jpg	75	24	104	53	161	180
71.jpg	134	40	206	112	350	262
72.jpg	247	75	294	122	350	221
73.jpg	179	92	224	137	295	400
77.jpg	139	39	204	104	350	480
75.jpg	167	100	231	164	350	495
76.jpg	212	106	249	143	350	350
78.jpg	72	66	107	101	215	300
174.jpg	155	77	232	154	350	525
82.jpg	130	54	200	124	350	530
84.jpg	166	45	250	129	350	495
85.jpg	111	121	292	302	350	443
187.jpg	168	99	277	208	350	316
87.jpg	162	60	267	165	350	710
88.jpg	154	79	226	151	350	516
89.jpg	160	50	223	113	350	475
90.jpg	226	47	274	95	350	354
91.jpg	219	18	283	82	350	243
92.jpg	201	44	251	94	350	280
95.jpg	154	45	225	116	350	467
96.jpg	59	51	97	89	350	262
97.jpg	144	121	251	228	350	539
98.jpg	217	55	263	101	350	262
99.jpg	165	78	233	146	350	497
103.jpg	123	70	237	184	350	479
104.jpg	168	107	223	162	350	477
106.jpg	124	37	168	81	240	189
107.jpg	72	17	265	210	350	262
108.jpg	36	20	69	53	120	120
109.jpg	115	42	176	103	350	254
110.jpg	177	87	252	162	350	480
111.jpg	147	77	236	166	350	531
112.jpg	143	79	201	137	338	500
186.jpg	112	125	207	220	350	576
116.jpg	134	87	218	171	350	447
139.jpg	104	56	224	176	350	400
119.jpg	122	56	256	190	350	555
120.jpg	108	87	226	205	350	450
122.jpg	134	94	217	177	350	466
124.jpg	56	61	115	120	350	337
137.jpg	86	42	144	100	350	274
126.jpg	29	33	60	64	100	100
128.jpg	175	45	239	109	350	479
129.jpg	154	88	241	175	350	262
130.jpg	233	100	285	152	350	306
131.jpg	175	125	293	243	350	351
132.jpg	122	99	226	203	350	525
133.jpg	68	39	107	78	350	309
134.jpg	165	80	198	113	280	280
135.jpg	140	191	247	298	350	587
140.jpg	169	74	252	157	350	516
144.jpg	72	23	112	63	160	120
146.jpg	10	50	62	102	100	159
148.jpg	144	105	240	201	350	599
149.jpg	143	46	202	105	350	436
150.jpg	137	76	225	164	350	581
152.jpg	122	23	154	55	180	120
155.jpg	74	18	103	47	150	205
157.jpg	102	75	145	118	253	379
158.jpg	207	86	263	142	350	440
159.jpg	42	22	70	50	135	151
160.jpg	146	73	209	136	350	175
166.jpg	164	68	208	112	350	262
167.jpg	135	65	166	96	230	227
169.jpg	197	35	257	95	350	483
170.jpg	250	41	291	82	350	346
171.jpg	25	74	154	203	350	518
176.jpg	146	82	225	161	350	350
177.jpg	52	39	91	78	350	262
180.jpg	56	42	88	74	350	214
184.jpg	98	40	155	97	350	446
185.jpg	141	62	269	190	350	525
